N 3
K1 1
K3 6
points 13
form comment
0.0
1.25072E+00
2.50098E+00
5.00007E+00
7.49723E+00
9.99239E+00
1.31651E+01
1.63343E+01
1.99519E+01
2.49180E+01
2.98742E+01
3.48200E+01
3.97546E+01
LAMBDA( 1)=  3.53621E+06    K1=  0.00000E+00 K3=  0.00000E+00
    PHI1                       PHI2                       PHI3
0.0000E+00  0.0000E+00    0.0000E+00  0.0000E+00    0.0000E+00  0.0000E+00
1.9161E-02  0.0000E+00    0.0000E+00  0.0000E+00    0.0000E+00  0.0000E+00
3.6872E-02  0.0000E+00    0.0000E+00  0.0000E+00    0.0000E+00  0.0000E+00
6.7082E-02  0.0000E+00    0.0000E+00  0.0000E+00    0.0000E+00  0.0000E+00
9.9121E-02  0.0000E+00    0.0000E+00  0.0000E+00    0.0000E+00  0.0000E+00
1.2557E-01  0.0000E+00    0.0000E+00  0.0000E+00    0.0000E+00  0.0000E+00
1.6363E-01  0.0000E+00    0.0000E+00  0.0000E+00    0.0000E+00  0.0000E+00
1.8513E-01  0.0000E+00    0.0000E+00  0.0000E+00    0.0000E+00  0.0000E+00
1.9805E-01  0.0000E+00    0.0000E+00  0.0000E+00    0.0000E+00  0.0000E+00
1.9771E-01  0.0000E+00    0.0000E+00  0.0000E+00    0.0000E+00  0.0000E+00
1.8404E-01  0.0000E+00    0.0000E+00  0.0000E+00    0.0000E+00  0.0000E+00
1.6553E-01  0.0000E+00    0.0000E+00  0.0000E+00    0.0000E+00  0.0000E+00
1.4239E-01  0.0000E+00    0.0000E+00  0.0000E+00    0.0000E+00  0.0000E+00
LAMBDA( 2)=  7.17327E+05    K1=  0.00000E+00 K3=  0.00000E+00
    PHI1                       PHI2                       PHI3
0.0000E+00  0.0000E+00    0.0000E+00  0.0000E+00    0.0000E+00  0.0000E+00
1.2721E-02  0.0000E+00    0.0000E+00  0.0000E+00    0.0000E+00  0.0000E+00
3.8261E-02  0.0000E+00    0.0000E+00  0.0000E+00    0.0000E+00  0.0000E+00
8.8298E-02  0.0000E+00    0.0000E+00  0.0000E+00    0.0000E+00  0.0000E+00
1.7947E-01  0.0000E+00    0.0000E+00  0.0000E+00    0.0000E+00  0.0000E+00
2.2249E-01  0.0000E+00    0.0000E+00  0.0000E+00    0.0000E+00  0.0000E+00
2.2439E-01  0.0000E+00    0.0000E+00  0.0000E+00    0.0000E+00  0.0000E+00
1.7821E-01  0.0000E+00    0.0000E+00  0.0000E+00    0.0000E+00  0.0000E+00
7.0228E-02  0.0000E+00    0.0000E+00  0.0000E+00    0.0000E+00  0.0000E+00
-4.2329E-02  0.0000E+00    0.0000E+00  0.0000E+00    0.0000E+00  0.0000E+00
-1.4589E-01  0.0000E+00    0.0000E+00  0.0000E+00    0.0000E+00  0.0000E+00
-2.1402E-01  0.0000E+00    0.0000E+00  0.0000E+00    0.0000E+00  0.0000E+00
-2.2755E-01  0.0000E+00    0.0000E+00  0.0000E+00    0.0000E+00  0.0000E+00
LAMBDA( 3)=  3.54560E+05    K1=  0.00000E+00 K3=  0.00000E+00
    PHI1                       PHI2                       PHI3
0.0000E+00  0.0000E+00    0.0000E+00  0.0000E+00    0.0000E+00  0.0000E+00
0.0000E+00  0.0000E+00    0.0000E+00  0.0000E+00    9.8344E-03  0.0000E+00
0.0000E+00  0.0000E+00    0.0000E+00  0.0000E+00    2.2376E-02  0.0000E+00
0.0000E+00  0.0000E+00    0.0000E+00  0.0000E+00    4.1136E-02  0.0000E+00
0.0000E+00  0.0000E+00    0.0000E+00  0.0000E+00    6.8195E-02  0.0000E+00
0.0000E+00  0.0000E+00    0.0000E+00  0.0000E+00    9.6857E-02  0.0000E+00
0.0000E+00  0.0000E+00    0.0000E+00  0.0000E+00    1.3221E-01  0.0000E+00
0.0000E+00  0.0000E+00    0.0000E+00  0.0000E+00    1.6425E-01  0.0000E+00
0.0000E+00  0.0000E+00    0.0000E+00  0.0000E+00    1.9000E-01  0.0000E+00
0.0000E+00  0.0000E+00    0.0000E+00  0.0000E+00    2.1318E-01  0.0000E+00
0.0000E+00  0.0000E+00    0.0000E+00  0.0000E+00    2.0710E-01  0.0000E+00
0.0000E+00  0.0000E+00    0.0000E+00  0.0000E+00    1.8534E-01  0.0000E+00
0.0000E+00  0.0000E+00    0.0000E+00  0.0000E+00    1.3818E-01  0.0000E+00
LAMBDA( 1)=  4.47386E+06    K1=  0.00000E+00 K3=  3.00000E-03
    PHI1                       PHI2                       PHI3
0.0000E+00  0.0000E+00    0.0000E+00  0.0000E+00    0.0000E+00  0.0000E+00
1.8940E-02  0.0000E+00   -4.6659E-05  0.0000E+00    0.0000E+00 -3.9583E-03
3.6173E-02  0.0000E+00   -1.8343E-04  0.0000E+00    0.0000E+00 -7.6484E-03
8.2359E-02  0.0000E+00   -7.1060E-04  0.0000E+00    0.0000E+00 -1.4734E-02
1.1766E-01  0.0000E+00   -1.5435E-03  0.0000E+00    0.0000E+00 -2.0658E-02
1.4422E-01  0.0000E+00   -2.6283E-03  0.0000E+00    0.0000E+00 -2.5472E-02
1.7488E-01  0.0000E+00   -4.2634E-03  0.0000E+00    0.0000E+00 -2.9207E-02
1.8820E-01  0.0000E+00   -6.0814E-03  0.0000E+00    0.0000E+00 -3.1660E-02
1.9489E-01  0.0000E+00   -8.2690E-03  0.0000E+00    0.0000E+00 -3.2501E-02
1.8251E-01  0.0000E+00   -1.1257E-02  0.0000E+00    0.0000E+00 -3.1344E-02
1.6761E-01  0.0000E+00   -1.3952E-02  0.0000E+00    0.0000E+00 -2.6352E-02
1.5517E-01  0.0000E+00   -1.6041E-02  0.0000E+00    0.0000E+00 -1.8456E-02
1.4887E-01  0.0000E+00   -1.7305E-02  0.0000E+00    0.0000E+00 -8.7145E-03
LAMBDA( 2)=  4.90815E+05    K1=  0.00000E+00 K3=  3.00000E-03
    PHI1                       PHI2                       PHI3
0.0000E+00  0.0000E+00    0.0000E+00  0.0000E+00    0.0000E+00  0.0000E+00
3.1785E-02  0.0000E+00   -1.7147E-05  0.0000E+00    0.0000E+00 -1.4546E-03
7.6644E-02  0.0000E+00   -4.2722E-05  0.0000E+00    0.0000E+00 -7.1582E-04
8.1883E-02  0.0000E+00   -1.8722E-04  0.0000E+00    0.0000E+00 -5.4191E-03
1.9346E-01  0.0000E+00   -7.0025E-04  0.0000E+00    0.0000E+00 -1.6379E-02
2.5921E-01  0.0000E+00   -1.7200E-03  0.0000E+00    0.0000E+00 -2.6984E-02
1.9739E-01  0.0000E+00   -3.6743E-03  0.0000E+00    0.0000E+00 -3.8373E-02
1.4428E-01  0.0000E+00   -6.0763E-03  0.0000E+00    0.0000E+00 -4.2046E-02
1.9669E-02  0.0000E+00   -8.9394E-03  0.0000E+00    0.0000E+00 -4.1930E-02
-6.8657E-02  0.0000E+00   -1.1789E-02  0.0000E+00    0.0000E+00 -1.8960E-02
-1.5427E-01  0.0000E+00   -1.2223E-02  0.0000E+00    0.0000E+00  9.6799E-03
-2.0068E-01  0.0000E+00   -1.0042E-02  0.0000E+00    0.0000E+00  3.7107E-02
-2.0788E-01  0.0000E+00   -5.0847E-03  0.0000E+00    0.0000E+00  6.9485E-02
LAMBDA( 3)=  2.50616E+05    K1=  0.00000E+00 K3=  3.00000E-03
    PHI1                       PHI2                       PHI3
0.0000E+00  0.0000E+00    0.0000E+00  0.0000E+00    0.0000E+00  0.0000E+00
4.1444E-02  0.0000E+00    4.3675E-05  0.0000E+00    0.0000E+00  3.7051E-03
5.6608E-02  0.0000E+00    1.9766E-04  0.0000E+00    0.0000E+00  9.3628E-03
7.7870E-02  0.0000E+00    8.4650E-04  0.0000E+00    0.0000E+00  1.8185E-02
3.9855E-02  0.0000E+00    1.8160E-03  0.0000E+00    0.0000E+00  2.3008E-02
-6.4773E-04  0.0000E+00    3.1837E-03  0.0000E+00    0.0000E+00  3.5151E-02
1.4757E-02  0.0000E+00    6.8245E-03  0.0000E+00    0.0000E+00  8.6607E-02
1.8878E-02  0.0000E+00    1.3269E-02  0.0000E+00    0.0000E+00  1.2915E-01
4.6830E-02  0.0000E+00    2.3870E-02  0.0000E+00    0.0000E+00  1.8178E-01
3.1059E-02  0.0000E+00    4.1682E-02  0.0000E+00    0.0000E+00  1.9878E-01
2.9991E-02  0.0000E+00    6.0661E-02  0.0000E+00    0.0000E+00  2.0752E-01
2.0565E-02  0.0000E+00    7.9475E-02  0.0000E+00    0.0000E+00  1.9609E-01
-3.2905E-02  0.0000E+00    9.4287E-02  0.0000E+00    0.0000E+00  1.2241E-01
LAMBDA( 1)=  3.50379E+06    K1=  0.00000E+00 K3=  6.00000E-03
    PHI1                       PHI2                       PHI3
0.0000E+00  0.0000E+00    0.0000E+00  0.0000E+00    0.0000E+00  0.0000E+00
-2.1498E-02  0.0000E+00    1.2318E-04  0.0000E+00    0.0000E+00  5.2251E-03
-4.1665E-02  0.0000E+00    4.8267E-04  0.0000E+00    0.0000E+00  1.0029E-02
-9.7609E-02  0.0000E+00    1.7936E-03  0.0000E+00    0.0000E+00  1.7800E-02
-1.3738E-01  0.0000E+00    3.7606E-03  0.0000E+00    0.0000E+00  2.3990E-02
-1.6580E-01  0.0000E+00    6.1863E-03  0.0000E+00    0.0000E+00  2.7585E-02
-1.9255E-01  0.0000E+00    9.6279E-03  0.0000E+00    0.0000E+00  2.9963E-02
-2.0120E-01  0.0000E+00    1.3132E-02  0.0000E+00    0.0000E+00  2.8688E-02
-1.9913E-01  0.0000E+00    1.6796E-02  0.0000E+00    0.0000E+00  2.5050E-02
-1.7988E-01  0.0000E+00    2.0748E-02  0.0000E+00    0.0000E+00  1.7166E-02
-1.5597E-01  0.0000E+00    2.3234E-02  0.0000E+00    0.0000E+00  9.4516E-03
-1.3064E-01  0.0000E+00    2.4405E-02  0.0000E+00    0.0000E+00  3.1007E-03
-1.1130E-01  0.0000E+00    2.4700E-02  0.0000E+00    0.0000E+00  7.6254E-05
LAMBDA( 2)=  2.56686E+05    K1=  0.00000E+00 K3=  6.00000E-03
    PHI1                       PHI2                       PHI3
0.0000E+00  0.0000E+00    0.0000E+00  0.0000E+00    0.0000E+00  0.0000E+00
-7.6311E-02  0.0000E+00    1.8346E-04  0.0000E+00    0.0000E+00  7.7818E-03
-1.5831E-01  0.0000E+00    5.0170E-04  0.0000E+00    0.0000E+00  5.7220E-03
-1.8054E-01  0.0000E+00    1.3672E-03  0.0000E+00    0.0000E+00  1.2651E-02
-2.2525E-01  0.0000E+00    2.6561E-03  0.0000E+00    0.0000E+00  1.4731E-02
-2.3033E-01  0.0000E+00    3.8739E-03  0.0000E+00    0.0000E+00  1.1163E-02
-1.4362E-01  0.0000E+00    3.8490E-03  0.0000E+00    0.0000E+00 -1.1581E-02
-7.7740E-02  0.0000E+00    1.4739E-03  0.0000E+00    0.0000E+00 -2.8176E-02
2.3527E-02  0.0000E+00   -3.9201E-03  0.0000E+00    0.0000E+00 -5.0927E-02
7.3738E-02  0.0000E+00   -1.4536E-02  0.0000E+00    0.0000E+00 -6.2483E-02
1.3118E-01  0.0000E+00   -2.7168E-02  0.0000E+00    0.0000E+00 -7.2732E-02
1.6176E-01  0.0000E+00   -4.0800E-02  0.0000E+00    0.0000E+00 -7.3489E-02
2.3101E-01  0.0000E+00   -5.5422E-02  0.0000E+00    0.0000E+00 -8.3709E-02
LAMBDA( 3)=  1.35522E+05    K1=  0.00000E+00 K3=  6.00000E-03
    PHI1                       PHI2                       PHI3
0.0000E+00  0.0000E+00    0.0000E+00  0.0000E+00    0.0000E+00  0.0000E+00
-1.1257E-02  0.0000E+00    2.2646E-04  0.0000E+00    0.0000E+00  9.6058E-03
-6.4379E-02  0.0000E+00    7.9476E-04  0.0000E+00    0.0000E+00  1.4509E-02
4.5556E-04  0.0000E+00    3.4608E-03  0.0000E+00    0.0000E+00  4.2088E-02
-3.9139E-02  0.0000E+00    9.3185E-03  0.0000E+00    0.0000E+00  8.2358E-02
-5.8690E-02  0.0000E+00    1.8838E-02  0.0000E+00    0.0000E+00  1.2005E-01
-3.1419E-02  0.0000E+00    3.4420E-02  0.0000E+00    0.0000E+00  1.4051E-01
-7.5488E-03  0.0000E+00    5.2154E-02  0.0000E+00    0.0000E+00  1.5636E-01
4.2839E-02  0.0000E+00    7.3319E-02  0.0000E+00    0.0000E+00  1.5402E-01
6.6283E-02  0.0000E+00    1.0198E-01  0.0000E+00    0.0000E+00  1.5212E-01
8.6519E-02  0.0000E+00    1.2801E-01  0.0000E+00    0.0000E+00  1.2655E-01
6.7381E-02  0.0000E+00    1.4789E-01  0.0000E+00    0.0000E+00  8.6638E-02
2.9793E-02  0.0000E+00    1.5877E-01  0.0000E+00    0.0000E+00  3.0381E-02
LAMBDA( 1)=  1.75744E+06    K1=  0.00000E+00 K3=  9.00000E-03
    PHI1                       PHI2                       PHI3
0.0000E+00  0.0000E+00    0.0000E+00  0.0000E+00    0.0000E+00  0.0000E+00
2.5803E-02  0.0000E+00   -2.2188E-04  0.0000E+00    0.0000E+00 -6.2744E-03
5.2238E-02  0.0000E+00   -8.6165E-04  0.0000E+00    0.0000E+00 -1.1823E-02
1.1043E-01  0.0000E+00   -3.1604E-03  0.0000E+00    0.0000E+00 -2.0709E-02
1.5501E-01  0.0000E+00   -6.5477E-03  0.0000E+00    0.0000E+00 -2.7266E-02
1.8415E-01  0.0000E+00   -1.0611E-02  0.0000E+00    0.0000E+00 -3.0333E-02
2.1158E-01  0.0000E+00   -1.6171E-02  0.0000E+00    0.0000E+00 -3.1644E-02
2.1414E-01  0.0000E+00   -2.1546E-02  0.0000E+00    0.0000E+00 -2.8337E-02
2.0246E-01  0.0000E+00   -2.6715E-02  0.0000E+00    0.0000E+00 -2.2203E-02
1.6680E-01  0.0000E+00   -3.1385E-02  0.0000E+00    0.0000E+00 -1.1058E-02
1.3208E-01  0.0000E+00   -3.3173E-02  0.0000E+00    0.0000E+00 -1.6973E-03
1.0224E-01  0.0000E+00   -3.2802E-02  0.0000E+00    0.0000E+00  4.3501E-03
8.8478E-02  0.0000E+00   -3.1516E-02  0.0000E+00    0.0000E+00  4.8620E-03
LAMBDA( 2)=  1.44162E+05    K1=  0.00000E+00 K3=  9.00000E-03
    PHI1                       PHI2                       PHI3
0.0000E+00  0.0000E+00    0.0000E+00  0.0000E+00    0.0000E+00  0.0000E+00
6.6648E-02  0.0000E+00   -2.9680E-04  0.0000E+00    0.0000E+00 -8.3929E-03
1.2508E-01  0.0000E+00   -8.4853E-04  0.0000E+00    0.0000E+00 -7.2147E-03
1.9194E-01  0.0000E+00   -1.9340E-03  0.0000E+00    0.0000E+00 -8.1476E-03
2.5391E-01  0.0000E+00   -2.6907E-03  0.0000E+00    0.0000E+00 -2.5692E-03
2.6612E-01  0.0000E+00   -2.4314E-03  0.0000E+00    0.0000E+00  6.2451E-03
1.2801E-01  0.0000E+00    1.0997E-03  0.0000E+00    0.0000E+00  3.3118E-02
3.5724E-02  0.0000E+00    8.0799E-03  0.0000E+00    0.0000E+00  4.4780E-02
-1.0290E-01  0.0000E+00    1.8704E-02  0.0000E+00    0.0000E+00  5.9084E-02
-1.1502E-01  0.0000E+00    3.3921E-02  0.0000E+00    0.0000E+00  4.9291E-02
-1.3907E-01  0.0000E+00    4.6910E-02  0.0000E+00    0.0000E+00  4.3395E-02
-1.1965E-01  0.0000E+00    5.8572E-02  0.0000E+00    0.0000E+00  4.0005E-02
-1.6086E-01  0.0000E+00    7.3136E-02  0.0000E+00    0.0000E+00  6.4380E-02
LAMBDA( 3)=  6.73058E+04    K1=  0.00000E+00 K3=  9.00000E-03
    PHI1                       PHI2                       PHI3
0.0000E+00  0.0000E+00    0.0000E+00  0.0000E+00    0.0000E+00  0.0000E+00
-2.6665E-03  0.0000E+00    5.4281E-04  0.0000E+00    0.0000E+00  1.5350E-02
-3.5593E-02  0.0000E+00    1.8760E-03  0.0000E+00    0.0000E+00  2.2364E-02
-2.8482E-02  0.0000E+00    7.3963E-03  0.0000E+00    0.0000E+00  5.5761E-02
-5.6242E-02  0.0000E+00    1.8956E-02  0.0000E+00    0.0000E+00  1.0796E-01
-5.8122E-02  0.0000E+00    3.7222E-02  0.0000E+00    0.0000E+00  1.5096E-01
8.8534E-03  0.0000E+00    6.4437E-02  0.0000E+00    0.0000E+00  1.5242E-01
4.9758E-02  0.0000E+00    9.1095E-02  0.0000E+00    0.0000E+00  1.4508E-01
1.0419E-01  0.0000E+00    1.1759E-01  0.0000E+00    0.0000E+00  1.1395E-01
8.0750E-02  0.0000E+00    1.4517E-01  0.0000E+00    0.0000E+00  8.2458E-02
6.2209E-02  0.0000E+00    1.6037E-01  0.0000E+00    0.0000E+00  2.6057E-02
1.4741E-02  0.0000E+00    1.6127E-01  0.0000E+00    0.0000E+00 -1.9627E-02
-1.1808E-02  0.0000E+00    1.5332E-01  0.0000E+00    0.0000E+00 -3.7348E-02
LAMBDA( 1)=  7.91935E+05    K1=  0.00000E+00 K3=  1.20000E-02
    PHI1                       PHI2                       PHI3
0.0000E+00  0.0000E+00    0.0000E+00  0.0000E+00    0.0000E+00  0.0000E+00
3.0274E-02  0.0000E+00   -3.6931E-04  0.0000E+00    0.0000E+00 -7.8324E-03
5.9912E-02  0.0000E+00   -1.4200E-03  0.0000E+00    0.0000E+00 -1.4460E-02
1.3123E-01  0.0000E+00   -5.1689E-03  0.0000E+00    0.0000E+00 -2.5331E-02
1.8539E-01  0.0000E+00   -1.0633E-02  0.0000E+00    0.0000E+00 -3.2709E-02
2.1586E-01  0.0000E+00   -1.7048E-02  0.0000E+00    0.0000E+00 -3.5488E-02
2.3577E-01  0.0000E+00   -2.5608E-02  0.0000E+00    0.0000E+00 -3.6082E-02
2.2209E-01  0.0000E+00   -3.3622E-02  0.0000E+00    0.0000E+00 -3.0994E-02
1.8915E-01  0.0000E+00   -4.0896E-02  0.0000E+00    0.0000E+00 -2.2339E-02
1.3122E-01  0.0000E+00   -4.6594E-02  0.0000E+00    0.0000E+00 -8.0948E-03
8.5571E-02  0.0000E+00   -4.7524E-02  0.0000E+00    0.0000E+00  3.1165E-03
6.6192E-02  0.0000E+00   -4.5127E-02  0.0000E+00    0.0000E+00  9.7373E-03
9.2919E-02  0.0000E+00   -4.1537E-02  0.0000E+00    0.0000E+00  9.5590E-03
LAMBDA( 2)=  6.29057E+04    K1=  0.00000E+00 K3=  1.20000E-02
    PHI1                       PHI2                       PHI3
0.0000E+00  0.0000E+00    0.0000E+00  0.0000E+00    0.0000E+00  0.0000E+00
4.9068E-02  0.0000E+00    6.9659E-05  0.0000E+00    0.0000E+00  1.4774E-03
8.0154E-02  0.0000E+00    3.8499E-04  0.0000E+00    0.0000E+00  5.2128E-03
1.0548E-01  0.0000E+00    3.5879E-03  0.0000E+00    0.0000E+00  2.8783E-02
1.7970E-01  0.0000E+00    1.0547E-02  0.0000E+00    0.0000E+00  4.5139E-02
2.1614E-01  0.0000E+00    2.0150E-02  0.0000E+00    0.0000E+00  5.6955E-02
8.9546E-02  0.0000E+00    3.8449E-02  0.0000E+00    0.0000E+00  9.6032E-02
3.3977E-02  0.0000E+00    6.2317E-02  0.0000E+00    0.0000E+00  1.0374E-01
-6.0556E-02  0.0000E+00    9.1159E-02  0.0000E+00    0.0000E+00  1.0774E-01
-5.0580E-02  0.0000E+00    1.2363E-01  0.0000E+00    0.0000E+00  6.5676E-02
-7.4336E-02  0.0000E+00    1.4291E-01  0.0000E+00    0.0000E+00  3.7552E-02
-5.1890E-02  0.0000E+00    1.5348E-01  0.0000E+00    0.0000E+00  1.9138E-02
-1.6638E-01  0.0000E+00    1.6227E-01  0.0000E+00    0.0000E+00  2.8116E-02
LAMBDA( 3)=  1.83475E+04    K1=  0.00000E+00 K3=  1.20000E-02
    PHI1                       PHI2                       PHI3
0.0000E+00  0.0000E+00    0.0000E+00  0.0000E+00    0.0000E+00  0.0000E+00
5.0615E-02  0.0000E+00   -1.0877E-03  0.0000E+00    0.0000E+00 -2.3069E-02
1.1525E-01  0.0000E+00   -3.5904E-03  0.0000E+00    0.0000E+00 -3.0027E-02
3.4955E-02  0.0000E+00   -1.1616E-02  0.0000E+00    0.0000E+00 -5.5161E-02
1.0447E-01  0.0000E+00   -2.7181E-02  0.0000E+00    0.0000E+00 -1.1017E-01
1.2257E-01  0.0000E+00   -5.0782E-02  0.0000E+00    0.0000E+00 -1.4073E-01
-3.5460E-02  0.0000E+00   -8.0944E-02  0.0000E+00    0.0000E+00 -1.1145E-01
-6.9691E-02  0.0000E+00   -1.0397E-01  0.0000E+00    0.0000E+00 -8.1244E-02
-1.3820E-01  0.0000E+00   -1.1666E-01  0.0000E+00    0.0000E+00 -1.1871E-02
-6.4404E-02  0.0000E+00   -1.1250E-01  0.0000E+00    0.0000E+00  3.4115E-02
-2.1490E-02  0.0000E+00   -9.0329E-02  0.0000E+00    0.0000E+00  8.4548E-02
-9.3619E-03  0.0000E+00   -5.2340E-02  0.0000E+00    0.0000E+00  1.1920E-01
-2.8394E-01  0.0000E+00   -6.4257E-04  0.0000E+00    0.0000E+00  1.5870E-01
LAMBDA( 1)=  3.89157E+05    K1=  0.00000E+00 K3=  1.50000E-02
    PHI1                       PHI2                       PHI3
0.0000E+00  0.0000E+00    0.0000E+00  0.0000E+00    0.0000E+00  0.0000E+00
3.3611E-02  0.0000E+00   -5.3404E-04  0.0000E+00    0.0000E+00 -9.0609E-03
6.2291E-02  0.0000E+00   -2.0427E-03  0.0000E+00    0.0000E+00 -1.6546E-02
1.4243E-01  0.0000E+00   -7.4100E-03  0.0000E+00    0.0000E+00 -2.9030E-02
2.0255E-01  0.0000E+00   -1.5101E-02  0.0000E+00    0.0000E+00 -3.6324E-02
2.3311E-01  0.0000E+00   -2.3839E-02  0.0000E+00    0.0000E+00 -3.7998E-02
2.4521E-01  0.0000E+00   -3.5256E-02  0.0000E+00    0.0000E+00 -3.8362E-02
2.1886E-01  0.0000E+00   -4.5766E-02  0.0000E+00    0.0000E+00 -3.2015E-02
1.7027E-01  0.0000E+00   -5.4907E-02  0.0000E+00    0.0000E+00 -2.1605E-02
9.8837E-02  0.0000E+00   -6.1188E-02  0.0000E+00    0.0000E+00 -5.2345E-03
4.9267E-02  0.0000E+00   -6.0892E-02  0.0000E+00    0.0000E+00  6.5003E-03
4.5575E-02  0.0000E+00   -5.6285E-02  0.0000E+00    0.0000E+00  1.3268E-02
1.0813E-01  0.0000E+00   -4.9981E-02  0.0000E+00    0.0000E+00  1.3842E-02
LAMBDA( 2)=  4.32289E+04    K1=  0.00000E+00 K3=  1.50000E-02
    PHI1                       PHI2                       PHI3
0.0000E+00  0.0000E+00    0.0000E+00  0.0000E+00    0.0000E+00  0.0000E+00
2.0946E-02  0.0000E+00    3.6068E-04  0.0000E+00    0.0000E+00  6.1195E-03
3.2329E-02  0.0000E+00    1.2734E-03  0.0000E+00    0.0000E+00  9.3726E-03
3.5504E-02  0.0000E+00    7.3415E-03  0.0000E+00    0.0000E+00  4.2154E-02
1.3393E-01  0.0000E+00    1.4909E-02  0.0000E+00    0.0000E+00  2.2155E-02
2.0140E-01  0.0000E+00    1.7375E-02  0.0000E+00    0.0000E+00 -1.1787E-03
9.2402E-02  0.0000E+00    2.6643E-02  0.0000E+00    0.0000E+00  6.3167E-02
5.3882E-02  0.0000E+00    4.8682E-02  0.0000E+00    0.0000E+00  8.4405E-02
-3.3009E-02  0.0000E+00    8.3576E-02  0.0000E+00    0.0000E+00  1.2028E-01
-2.5061E-02  0.0000E+00    1.2964E-01  0.0000E+00    0.0000E+00  7.6549E-02
-6.4025E-02  0.0000E+00    1.6318E-01  0.0000E+00    0.0000E+00  6.7074E-02
-4.0122E-02  0.0000E+00    1.9028E-01  0.0000E+00    0.0000E+00  4.9169E-02
-1.5184E-01  0.0000E+00    2.0209E-01  0.0000E+00    0.0000E+00  1.6397E-03
LAMBDA( 3)=  1.41747E+04    K1=  0.00000E+00 K3=  1.50000E-02
    PHI1                       PHI2                       PHI3
0.0000E+00  0.0000E+00    0.0000E+00  0.0000E+00    0.0000E+00  0.0000E+00
1.4017E-02  0.0000E+00   -2.5831E-04  0.0000E+00    0.0000E+00 -4.3828E-03
9.2931E-02  0.0000E+00   -1.8374E-04  0.0000E+00    0.0000E+00  5.6485E-03
7.9861E-02  0.0000E+00    2.2212E-03  0.0000E+00    0.0000E+00  1.4773E-02
8.3789E-02  0.0000E+00    2.0997E-02  0.0000E+00    0.0000E+00  1.4478E-01
4.8023E-02  0.0000E+00    6.4457E-02  0.0000E+00    0.0000E+00  2.2483E-01
2.4681E-02  0.0000E+00    1.1922E-01  0.0000E+00    0.0000E+00  1.4148E-01
6.2852E-03  0.0000E+00    1.5015E-01  0.0000E+00    0.0000E+00  6.5613E-02
2.9496E-02  0.0000E+00    1.4031E-01  0.0000E+00    0.0000E+00 -1.2332E-01
-3.0607E-02  0.0000E+00    7.7140E-02  0.0000E+00    0.0000E+00 -1.4662E-01
-3.9495E-02  0.0000E+00    6.6585E-03  0.0000E+00    0.0000E+00 -1.5515E-01
2.5371E-03  0.0000E+00   -5.7861E-02  0.0000E+00    0.0000E+00 -1.2168E-01
-5.2551E-03  0.0000E+00   -7.2447E-02  0.0000E+00    0.0000E+00  5.8951E-02
