N 3
K1 7
K3 6
points 7
form comment
	 0.0E+00
    	 1.25072E+00
	 2.50098E+00
	 5.00007E+00
	 9.99239E+00
	 1.99519E+01
	 3.97546E+01
LAMBDA( 1)=  3.36184E+06    K1=  0.00000E+00 K3=  0.00000E+00
	PHI1                       PHI2                       PHI3
  0.0000E+00  0.0000E+00    0.0000E+00  0.0000E+00    0.0000E+00  0.0000E+00
  1.9934E-02  0.0000E+00    0.0000E+00  0.0000E+00    0.0000E+00  0.0000E+00
  3.8528E-02  0.0000E+00    0.0000E+00  0.0000E+00    0.0000E+00  0.0000E+00
  7.2173E-02  0.0000E+00    0.0000E+00  0.0000E+00    0.0000E+00  0.0000E+00
  1.3461E-01  0.0000E+00    0.0000E+00  0.0000E+00    0.0000E+00  0.0000E+00
  2.0596E-01  0.0000E+00    0.0000E+00  0.0000E+00    0.0000E+00  0.0000E+00
  1.4580E-01  0.0000E+00    0.0000E+00  0.0000E+00    0.0000E+00  0.0000E+00
LAMBDA( 2)=  8.69551E+05    K1=  0.00000E+00 K3=  0.00000E+00
	PHI1                       PHI2                       PHI3
  0.0000E+00  0.0000E+00    0.0000E+00  0.0000E+00    0.0000E+00  0.0000E+00
 -1.3023E-02  0.0000E+00    0.0000E+00  0.0000E+00    0.0000E+00  0.0000E+00
 -3.4081E-02  0.0000E+00    0.0000E+00  0.0000E+00    0.0000E+00  0.0000E+00
 -6.7595E-02  0.0000E+00    0.0000E+00  0.0000E+00    0.0000E+00  0.0000E+00
 -1.2364E-01  0.0000E+00    0.0000E+00  0.0000E+00    0.0000E+00  0.0000E+00
 -8.3285E-02  0.0000E+00    0.0000E+00  0.0000E+00    0.0000E+00  0.0000E+00
  2.7760E-01  0.0000E+00    0.0000E+00  0.0000E+00    0.0000E+00  0.0000E+00
LAMBDA( 3)=  3.87877E+05    K1=  0.00000E+00 K3=  0.00000E+00
	PHI1                       PHI2                       PHI3
  0.0000E+00  0.0000E+00    0.0000E+00  0.0000E+00    0.0000E+00  0.0000E+00
  3.2354E-03  0.0000E+00    0.0000E+00  0.0000E+00    0.0000E+00  0.0000E+00
 -1.6691E-02  0.0000E+00    0.0000E+00  0.0000E+00    0.0000E+00  0.0000E+00
 -8.3811E-02  0.0000E+00    0.0000E+00  0.0000E+00    0.0000E+00  0.0000E+00
 -3.0381E-01  0.0000E+00    0.0000E+00  0.0000E+00    0.0000E+00  0.0000E+00
  1.3152E-01  0.0000E+00    0.0000E+00  0.0000E+00    0.0000E+00  0.0000E+00
 -5.0958E-02  0.0000E+00    0.0000E+00  0.0000E+00    0.0000E+00  0.0000E+00
LAMBDA( 1)=  4.37372E+06    K1=  0.00000E+00 K3=  3.00000E-03
	PHI1                       PHI2                       PHI3
  0.0000E+00  0.0000E+00    0.0000E+00  0.0000E+00    0.0000E+00  0.0000E+00
 -1.9480E-02  0.0000E+00    4.6563E-05  0.0000E+00    0.0000E+00  3.9501E-03
 -3.9078E-02  0.0000E+00    1.8158E-04  0.0000E+00    0.0000E+00  7.5084E-03
 -7.9637E-02  0.0000E+00    7.0307E-04  0.0000E+00    0.0000E+00  1.4632E-02
 -1.5076E-01  0.0000E+00    2.6295E-03  0.0000E+00    0.0000E+00  2.6312E-02
 -1.9428E-01  0.0000E+00    8.3377E-03  0.0000E+00    0.0000E+00  3.4500E-02
 -1.4677E-01  0.0000E+00    1.6140E-02  0.0000E+00    0.0000E+00  7.3043E-03
LAMBDA( 2)=  5.98535E+05    K1=  0.00000E+00 K3=  3.00000E-03
	PHI1                       PHI2                       PHI3
  0.0000E+00  0.0000E+00    0.0000E+00  0.0000E+00    0.0000E+00  0.0000E+00
 -2.7960E-02  0.0000E+00    1.7967E-05  0.0000E+00    0.0000E+00  1.5242E-03
 -4.2384E-02  0.0000E+00    6.1710E-05  0.0000E+00    0.0000E+00  2.1880E-03
 -8.4104E-02  0.0000E+00    2.5935E-04  0.0000E+00    0.0000E+00  6.2031E-03
 -1.9356E-01  0.0000E+00    1.2220E-03  0.0000E+00    0.0000E+00  1.4256E-02
 -3.9355E-02  0.0000E+00    3.5687E-03  0.0000E+00    0.0000E+00  1.0745E-02
  2.5077E-01  0.0000E+00   -6.2024E-03  0.0000E+00    0.0000E+00 -6.3099E-02
LAMBDA( 3)=  1.89448E+05    K1=  0.00000E+00 K3=  3.00000E-03
	PHI1                       PHI2                       PHI3
  0.0000E+00  0.0000E+00    0.0000E+00  0.0000E+00    0.0000E+00  0.0000E+00
 -2.2221E-02  0.0000E+00   -9.8557E-05  0.0000E+00    0.0000E+00 -8.3609E-03
 -1.5259E-02  0.0000E+00   -4.2168E-04  0.0000E+00    0.0000E+00 -1.9061E-02
 -1.1392E-02  0.0000E+00   -1.7681E-03  0.0000E+00    0.0000E+00 -3.8103E-02
  3.8881E-02  0.0000E+00   -7.6718E-03  0.0000E+00    0.0000E+00 -8.7370E-02
 -5.7944E-02  0.0000E+00   -3.4077E-02  0.0000E+00    0.0000E+00 -1.9393E-01
 -1.4159E-02  0.0000E+00   -9.6900E-02  0.0000E+00    0.0000E+00 -1.4267E-01
LAMBDA( 1)=  3.39685E+06    K1=  0.00000E+00 K3=  6.00000E-03
	PHI1                       PHI2                       PHI3
  0.0000E+00  0.0000E+00    0.0000E+00  0.0000E+00    0.0000E+00  0.0000E+00
 -2.3489E-02  0.0000E+00    1.3049E-04  0.0000E+00    0.0000E+00  5.5350E-03
 -4.6862E-02  0.0000E+00    5.0387E-04  0.0000E+00    0.0000E+00  1.0309E-02
 -9.5745E-02  0.0000E+00    1.8580E-03  0.0000E+00    0.0000E+00  1.8438E-02
 -1.7206E-01  0.0000E+00    6.3266E-03  0.0000E+00    0.0000E+00  2.9048E-02
 -1.9966E-01  0.0000E+00    1.6605E-02  0.0000E+00    0.0000E+00  2.5701E-02
 -1.0902E-01  0.0000E+00    2.5756E-02  0.0000E+00    0.0000E+00 -1.1835E-03
LAMBDA( 2)=  2.56677E+05    K1=  0.00000E+00 K3=  6.00000E-03
	PHI1                       PHI2                       PHI3
  0.0000E+00  0.0000E+00    0.0000E+00  0.0000E+00    0.0000E+00  0.0000E+00
 -5.3640E-02  0.0000E+00    8.5614E-05  0.0000E+00    0.0000E+00  3.6315E-03
 -9.0601E-02  0.0000E+00    2.2589E-04  0.0000E+00    0.0000E+00  2.3209E-03
 -1.3875E-01  0.0000E+00    4.8319E-04  0.0000E+00    0.0000E+00  3.1411E-03
 -1.9443E-01  0.0000E+00   -2.2136E-04  0.0000E+00    0.0000E+00 -1.0628E-02
  1.0308E-02  0.0000E+00   -1.4429E-02  0.0000E+00    0.0000E+00 -6.5051E-02
  2.1507E-01  0.0000E+00   -6.6705E-02  0.0000E+00    0.0000E+00 -7.4998E-02
LAMBDA( 3)=  1.07732E+05    K1=  0.00000E+00 K3=  6.00000E-03
	PHI1                       PHI2                       PHI3
  0.0000E+00  0.0000E+00    0.0000E+00  0.0000E+00    0.0000E+00  0.0000E+00
  2.5385E-02  0.0000E+00   -3.2526E-04  0.0000E+00    0.0000E+00 -1.3797E-02
  7.6178E-02  0.0000E+00   -1.2018E-03  0.0000E+00    0.0000E+00 -2.3396E-02
  1.0969E-01  0.0000E+00   -5.1986E-03  0.0000E+00    0.0000E+00 -6.1450E-02
  9.4335E-02  0.0000E+00   -2.3466E-02  0.0000E+00    0.0000E+00 -1.3267E-01
 -9.7700E-02  0.0000E+00   -7.5612E-02  0.0000E+00    0.0000E+00 -1.4509E-01
 -1.9427E-02  0.0000E+00   -1.3469E-01  0.0000E+00    0.0000E+00 -1.3184E-02
LAMBDA( 1)=  1.77955E+06    K1=  0.00000E+00 K3=  9.00000E-03
	PHI1                       PHI2                       PHI3
  0.0000E+00  0.0000E+00    0.0000E+00  0.0000E+00    0.0000E+00  0.0000E+00
  2.6675E-02  0.0000E+00   -2.2770E-04  0.0000E+00    0.0000E+00 -6.4388E-03
  5.4674E-02  0.0000E+00   -8.7633E-04  0.0000E+00    0.0000E+00 -1.1910E-02
  1.0876E-01  0.0000E+00   -3.1885E-03  0.0000E+00    0.0000E+00 -2.0812E-02
  1.8791E-01  0.0000E+00   -1.0453E-02  0.0000E+00    0.0000E+00 -3.0651E-02
  1.9725E-01  0.0000E+00   -2.5090E-02  0.0000E+00    0.0000E+00 -2.1330E-02
  8.3317E-02  0.0000E+00   -3.3597E-02  0.0000E+00    0.0000E+00  6.1366E-03
LAMBDA( 2)=  1.25770E+05    K1=  0.00000E+00 K3=  9.00000E-03
	PHI1                       PHI2                       PHI3
  0.0000E+00  0.0000E+00    0.0000E+00  0.0000E+00    0.0000E+00  0.0000E+00
 -6.2327E-02  0.0000E+00    1.9319E-04  0.0000E+00    0.0000E+00  5.4630E-03
 -9.9539E-02  0.0000E+00    5.1987E-04  0.0000E+00    0.0000E+00  3.7783E-03
 -1.8096E-01  0.0000E+00    7.1127E-04  0.0000E+00    0.0000E+00 -1.0695E-03
 -2.2939E-01  0.0000E+00   -3.1411E-03  0.0000E+00    0.0000E+00 -2.6222E-02
  8.1296E-02  0.0000E+00   -2.9848E-02  0.0000E+00    0.0000E+00 -6.8617E-02
  1.2242E-01  0.0000E+00   -9.8567E-02  0.0000E+00    0.0000E+00 -5.4117E-02
LAMBDA( 3)=  6.96392E+04    K1=  0.00000E+00 K3=  9.00000E-03
	PHI1                       PHI2                       PHI3
  0.0000E+00  0.0000E+00    0.0000E+00  0.0000E+00    0.0000E+00  0.0000E+00
  2.0151E-02  0.0000E+00   -5.2554E-04  0.0000E+00    0.0000E+00 -1.4861E-02
  5.1533E-02  0.0000E+00   -1.8895E-03  0.0000E+00    0.0000E+00 -2.3724E-02
  1.3900E-01  0.0000E+00   -7.6812E-03  0.0000E+00    0.0000E+00 -5.8241E-02
  6.7291E-02  0.0000E+00   -3.4213E-02  0.0000E+00    0.0000E+00 -1.2972E-01
 -1.2171E-01  0.0000E+00   -9.7973E-02  0.0000E+00    0.0000E+00 -9.6707E-02
  5.6458E-02  0.0000E+00   -1.4317E-01  0.0000E+00    0.0000E+00  1.5983E-02
LAMBDA( 1)=  8.60970E+05    K1=  0.00000E+00 K3=  1.20000E-02
	PHI1                       PHI2                       PHI3
  0.0000E+00  0.0000E+00    0.0000E+00  0.0000E+00    0.0000E+00  0.0000E+00
  2.9017E-02  0.0000E+00   -3.5072E-04  0.0000E+00    0.0000E+00 -7.4382E-03
  5.8408E-02  0.0000E+00   -1.3472E-03  0.0000E+00    0.0000E+00 -1.3704E-02
  1.2017E-01  0.0000E+00   -4.8939E-03  0.0000E+00    0.0000E+00 -2.3941E-02
  2.0836E-01  0.0000E+00   -1.5733E-02  0.0000E+00    0.0000E+00 -3.3653E-02
  1.8059E-01  0.0000E+00   -3.5913E-02  0.0000E+00    0.0000E+00 -2.0092E-02
  8.4442E-02  0.0000E+00   -4.3698E-02  0.0000E+00    0.0000E+00  9.6638E-03
LAMBDA( 2)=  6.49249E+04    K1=  0.00000E+00 K3=  1.20000E-02
	PHI1                       PHI2                       PHI3
  0.0000E+00  0.0000E+00    0.0000E+00  0.0000E+00    0.0000E+00  0.0000E+00
 -5.4402E-02  0.0000E+00    1.2278E-04  0.0000E+00    0.0000E+00  2.6039E-03
 -8.3333E-02  0.0000E+00    2.2973E-04  0.0000E+00    0.0000E+00 -3.3485E-04
 -1.4181E-01  0.0000E+00   -1.8402E-03  0.0000E+00    0.0000E+00 -2.1636E-02
 -2.1333E-01  0.0000E+00   -1.4761E-02  0.0000E+00    0.0000E+00 -4.7014E-02
  6.8145E-02  0.0000E+00   -5.9540E-02  0.0000E+00    0.0000E+00 -7.2251E-02
  1.1649E-01  0.0000E+00   -1.4195E-01  0.0000E+00    0.0000E+00 -3.8133E-02
LAMBDA( 3)=  2.44119E+04    K1=  0.00000E+00 K3=  1.20000E-02
	PHI1                       PHI2                       PHI3
  0.0000E+00  0.0000E+00    0.0000E+00  0.0000E+00    0.0000E+00  0.0000E+00
  2.9102E-02  0.0000E+00   -1.0763E-03  0.0000E+00    0.0000E+00 -2.2826E-02
  7.6799E-02  0.0000E+00   -3.4731E-03  0.0000E+00    0.0000E+00 -2.8026E-02
  1.1267E-01  0.0000E+00   -1.1645E-02  0.0000E+00    0.0000E+00 -5.8717E-02
  3.6572E-02  0.0000E+00   -4.6164E-02  0.0000E+00    0.0000E+00 -1.2469E-01
 -8.2381E-02  0.0000E+00   -1.2454E-01  0.0000E+00    0.0000E+00 -8.4052E-02
 -9.7488E-02  0.0000E+00   -8.8132E-02  0.0000E+00    0.0000E+00  1.3282E-01
LAMBDA( 1)=  4.38359E+05    K1=  0.00000E+00 K3=  1.50000E-02
	PHI1                       PHI2                       PHI3
  0.0000E+00  0.0000E+00    0.0000E+00  0.0000E+00    0.0000E+00  0.0000E+00
  3.1157E-02  0.0000E+00   -4.8837E-04  0.0000E+00    0.0000E+00 -8.2860E-03
  5.8811E-02  0.0000E+00   -1.8757E-03  0.0000E+00    0.0000E+00 -1.5262E-02
  1.2619E-01  0.0000E+00   -6.8447E-03  0.0000E+00    0.0000E+00 -2.6932E-02
  2.1960E-01  0.0000E+00   -2.1594E-02  0.0000E+00    0.0000E+00 -3.5764E-02
  1.6220E-01  0.0000E+00   -4.7211E-02  0.0000E+00    0.0000E+00 -1.8818E-02
  9.8504E-02  0.0000E+00   -5.3326E-02  0.0000E+00    0.0000E+00  1.2265E-02
LAMBDA( 2)=  3.92284E+04    K1=  0.00000E+00 K3=  1.50000E-02
	PHI1                       PHI2                       PHI3
  0.0000E+00  0.0000E+00    0.0000E+00  0.0000E+00    0.0000E+00  0.0000E+00
 -3.6659E-02  0.0000E+00    9.5510E-05  0.0000E+00    0.0000E+00  1.6205E-03
 -6.8741E-02  0.0000E+00    1.1850E-04  0.0000E+00    0.0000E+00 -1.2302E-03
 -1.0355E-01  0.0000E+00   -4.1474E-03  0.0000E+00    0.0000E+00 -3.4993E-02
 -2.2198E-01  0.0000E+00   -1.9093E-02  0.0000E+00    0.0000E+00 -2.8535E-02
  6.0775E-02  0.0000E+00   -6.1133E-02  0.0000E+00    0.0000E+00 -6.1041E-02
  1.2923E-01  0.0000E+00   -1.5046E-01  0.0000E+00    0.0000E+00 -3.4686E-02
LAMBDA( 3)=  1.24485E+04    K1=  0.00000E+00 K3=  1.50000E-02
	PHI1                       PHI2                       PHI3
  0.0000E+00  0.0000E+00    0.0000E+00  0.0000E+00    0.0000E+00  0.0000E+00
 -1.3626E-02  0.0000E+00    1.2410E-03  0.0000E+00    0.0000E+00  2.1056E-02
 -8.0003E-02  0.0000E+00    3.6626E-03  0.0000E+00    0.0000E+00  2.0046E-02
 -6.0869E-02  0.0000E+00    7.4711E-03  0.0000E+00    0.0000E+00  1.2293E-02
 -3.6220E-03  0.0000E+00    1.5599E-02  0.0000E+00    0.0000E+00  2.2255E-02
  4.0886E-02  0.0000E+00    9.2559E-02  0.0000E+00    0.0000E+00  1.4172E-01
  1.0967E-01  0.0000E+00    4.2499E-02  0.0000E+00    0.0000E+00 -1.9537E-01
LAMBDA( 1)=  1.86580E+06    K1=  5.00000E-04 K3=  0.00000E+00
	PHI1                       PHI2                       PHI3
  0.0000E+00  0.0000E+00    0.0000E+00  0.0000E+00    0.0000E+00  0.0000E+00
 -2.0688E-02 -9.4380E-03   -1.8542E-05  4.0645E-05    0.0000E+00  0.0000E+00
 -4.0515E-02 -1.8647E-02   -7.3699E-05  1.6084E-04    0.0000E+00  0.0000E+00
 -7.5448E-02 -1.9818E-02   -2.2470E-04  6.1606E-04    0.0000E+00  0.0000E+00
 -1.3247E-01 -2.2771E-02   -5.5867E-04  2.2466E-03    0.0000E+00  0.0000E+00
 -2.0357E-01 -4.1840E-02   -1.5695E-03  7.5038E-03    0.0000E+00  0.0000E+00
 -1.3879E-01  0.0000E+00   -2.8709E-03  1.8154E-02    0.0000E+00  0.0000E+00
LAMBDA( 2)=  5.13976E+05    K1=  5.00000E-04 K3=  0.00000E+00
	PHI1                       PHI2                       PHI3
  0.0000E+00  0.0000E+00    0.0000E+00  0.0000E+00    0.0000E+00  0.0000E+00
 -1.1886E-02 -1.1956E-03   -2.3489E-06  2.3351E-05    0.0000E+00  0.0000E+00
 -4.0523E-02  3.6412E-03    2.4542E-06  1.2628E-04    0.0000E+00  0.0000E+00
 -8.8269E-02  2.2749E-02    1.0605E-04  6.3186E-04    0.0000E+00  0.0000E+00
 -1.2126E-01  5.5449E-02    7.1927E-04  2.2750E-03    0.0000E+00  0.0000E+00
 -6.8926E-02 -4.4030E-02    8.9791E-04  5.2503E-03    0.0000E+00  0.0000E+00
  2.7202E-01  0.0000E+00   -4.7170E-04 -1.0672E-03    0.0000E+00  0.0000E+00
LAMBDA( 3)=  3.03702E+05    K1=  5.00000E-04 K3=  0.00000E+00
	PHI1                       PHI2                       PHI3
  0.0000E+00  0.0000E+00    0.0000E+00  0.0000E+00    0.0000E+00  0.0000E+00
  0.0000E+00  0.0000E+00    0.0000E+00  0.0000E+00    6.3748E-03 -8.9061E-03
  0.0000E+00  0.0000E+00    0.0000E+00  0.0000E+00    1.5166E-02 -2.0382E-02
  0.0000E+00  0.0000E+00    0.0000E+00  0.0000E+00    2.9762E-02 -3.7681E-02
  0.0000E+00  0.0000E+00    0.0000E+00  0.0000E+00    6.1722E-02 -9.4500E-02
  0.0000E+00  0.0000E+00    0.0000E+00  0.0000E+00    7.8234E-02 -1.9473E-01
  0.0000E+00  0.0000E+00    0.0000E+00  0.0000E+00   -1.1065E-03 -1.5548E-01
LAMBDA( 1)=  3.11510E+06    K1=  5.00000E-04 K3=  3.00000E-03
	PHI1                       PHI2                       PHI3
  0.0000E+00  0.0000E+00    0.0000E+00  0.0000E+00    0.0000E+00  0.0000E+00
  1.7828E-02  8.4525E-03   -4.4961E-05 -2.8154E-05   -5.8289E-04 -5.2229E-03
  3.6650E-02  1.6959E-02   -1.7334E-04 -1.1691E-04   -9.6462E-04 -9.9071E-03
  7.4006E-02  3.7080E-02   -6.4661E-04 -4.9985E-04   -1.2196E-03 -1.9193E-02
  1.4390E-01  5.0038E-02   -2.4758E-03 -1.9990E-03   -3.2369E-03 -3.4202E-02
  1.8474E-01  2.8032E-02   -8.7370E-03 -5.5223E-03   -1.4001E-02 -4.5513E-02
  1.5021E-01  0.0000E+00   -1.8409E-02 -1.0141E-02   -1.7075E-02 -1.0980E-02
LAMBDA( 2)=  3.60998E+05    K1=  5.00000E-04 K3=  3.00000E-03
	PHI1                       PHI2                       PHI3
  0.0000E+00  0.0000E+00    0.0000E+00  0.0000E+00    0.0000E+00  0.0000E+00
  3.1633E-02  2.9340E-02    1.5533E-05 -7.0076E-05    6.7264E-04 -3.5722E-03
  5.4855E-02  3.9020E-02    3.6424E-05 -2.5545E-04    6.4474E-04 -6.0482E-03
  1.0610E-01  7.8178E-02    1.9531E-05 -9.2934E-04    1.1399E-03 -1.4202E-02
  1.6277E-01  6.9855E-02   -7.3962E-04 -3.0859E-03   -1.1626E-04 -2.6605E-02
  3.0736E-02  8.1649E-03   -4.3456E-03 -2.6738E-03   -3.6524E-02 -2.4815E-02
 -2.3832E-01  0.0000E+00    7.2763E-03  7.5235E-03    1.6485E-02  8.5725E-02
LAMBDA( 3)=  1.30797E+05    K1=  5.00000E-04 K3=  3.00000E-03
	PHI1                       PHI2                       PHI3
  0.0000E+00  0.0000E+00    0.0000E+00  0.0000E+00    0.0000E+00  0.0000E+00
  1.0585E-02  1.3783E-02    6.1494E-05 -3.5240E-05    1.2254E-03  2.9197E-03
  3.2676E-03  1.7614E-02    2.7349E-04 -8.5671E-05    7.4566E-04  9.8388E-03
 -2.1119E-02  6.1976E-02    1.2969E-03 -1.7442E-04    5.9975E-03  2.0347E-02
 -2.3187E-02 -2.0135E-03    5.5694E-03 -8.2632E-04    1.5242E-02  6.0464E-02
  5.4123E-02  1.3408E-02    2.8208E-02 -4.3279E-03    1.6907E-02  1.7882E-01
  2.9704E-02  0.0000E+00    9.4710E-02 -5.0230E-03   -2.7154E-02  1.7526E-01
LAMBDA( 1)=  2.60063E+06    K1=  5.00000E-04 K3=  6.00000E-03
	PHI1                       PHI2                       PHI3
  0.0000E+00  0.0000E+00    0.0000E+00  0.0000E+00    0.0000E+00  0.0000E+00
 -1.9622E-02 -1.3806E-02    1.3475E-04  4.5940E-05   -3.1349E-04  6.8663E-03
 -4.0519E-02 -2.7225E-02    5.1730E-04  1.8519E-04   -5.8356E-04  1.2785E-02
 -8.2659E-02 -5.6458E-02    1.8636E-03  7.5727E-04   -1.2960E-03  2.2767E-02
 -1.5394E-01 -8.0307E-02    6.3118E-03  2.6938E-03    4.3342E-04  3.5900E-02
 -1.8743E-01 -5.4751E-02    1.7204E-02  6.2070E-03    9.2998E-03  3.3377E-02
 -1.0958E-01  0.0000E+00    2.8347E-02  6.5159E-03    1.4623E-02  1.0359E-03
LAMBDA( 2)=  1.99770E+05    K1=  5.00000E-04 K3=  6.00000E-03
	PHI1                       PHI2                       PHI3
  0.0000E+00  0.0000E+00    0.0000E+00  0.0000E+00    0.0000E+00  0.0000E+00
 -4.0146E-02 -4.8818E-02    8.8495E-05  2.3395E-04   -6.5781E-03  7.8219E-03
 -7.7828E-02 -6.8006E-02    2.7844E-04  8.6470E-04   -1.0355E-02  9.9733E-03
 -1.2769E-01 -1.0962E-01    8.4672E-04  2.9244E-03   -1.6243E-02  1.6893E-02
 -1.6796E-01 -7.4964E-02    1.7076E-03  9.1668E-03   -2.5456E-02  7.6375E-03
  9.7895E-03  5.9536E-03   -7.0680E-03  1.8376E-02   -1.0421E-02 -4.8632E-02
  2.2348E-01  0.0000E+00   -4.6742E-02  2.5008E-02   -2.6784E-02 -5.8152E-02
LAMBDA( 3)=  7.13171E+04    K1=  5.00000E-04 K3=  6.00000E-03
	PHI1                       PHI2                       PHI3
  0.0000E+00  0.0000E+00    0.0000E+00  0.0000E+00    0.0000E+00  0.0000E+00
 -1.7768E-02  4.8587E-02    8.9777E-06  2.5480E-05    3.9985E-04 -3.6681E-03
 -9.1399E-03  8.6333E-02    2.9218E-05  5.8212E-05    4.5351E-04 -6.7163E-03
  8.7561E-03  6.7169E-02   -1.6694E-03  5.8532E-05   -4.2832E-04 -4.2135E-02
  1.9459E-02  3.9901E-02   -1.6033E-02  1.5565E-03   -1.7841E-02 -1.1942E-01
 -5.9521E-02 -3.1015E-02   -7.0015E-02  1.3034E-02   -3.9957E-02 -1.6887E-01
 -5.0534E-02  0.0000E+00   -1.4283E-01  2.4152E-02    1.9342E-02 -2.3625E-02
LAMBDA( 1)=  1.38851E+06    K1=  5.00000E-04 K3=  9.00000E-03
	PHI1                       PHI2                       PHI3
  0.0000E+00  0.0000E+00    0.0000E+00  0.0000E+00    0.0000E+00  0.0000E+00
  1.6405E-02  2.2543E-02   -2.2141E-04 -1.0955E-04    2.1866E-03 -7.5132E-03
  3.6706E-02  4.5613E-02   -8.4556E-04 -4.3387E-04    4.0373E-03 -1.3929E-02
  7.6708E-02  8.3760E-02   -3.0352E-03 -1.6731E-03    7.2003E-03 -2.4247E-02
  1.4261E-01  1.2537E-01   -9.9507E-03 -5.4928E-03    7.6753E-03 -3.6363E-02
  1.6613E-01  9.6489E-02   -2.4687E-02 -1.1872E-02   -2.1752E-03 -2.8294E-02
  8.4601E-02  0.0000E+00   -3.6977E-02 -8.8222E-03   -1.7201E-02  9.8457E-04
LAMBDA( 2)=  9.37068E+04    K1=  5.00000E-04 K3=  9.00000E-03
	PHI1                       PHI2                       PHI3
  0.0000E+00  0.0000E+00    0.0000E+00  0.0000E+00    0.0000E+00  0.0000E+00
 -3.9688E-02 -2.5529E-02    3.3285E-04  4.2912E-04   -9.9296E-03  1.0831E-02
 -6.3298E-02 -4.0404E-02    1.0621E-03  1.5698E-03   -1.6616E-02  1.3462E-02
 -1.3050E-01 -7.4338E-02    2.6062E-03  5.7257E-03   -3.1434E-02  1.4765E-02
 -1.7866E-01 -4.2856E-02    3.2714E-03  2.2541E-02   -7.0517E-02 -3.5407E-03
  4.9560E-02  1.4820E-02   -9.8442E-03  6.2932E-02   -6.5745E-02 -4.1478E-02
  1.6790E-01  0.0000E+00   -5.0647E-02  9.8879E-02   -1.0539E-02 -3.2220E-02
LAMBDA( 3)=  5.18644E+04    K1=  5.00000E-04 K3=  9.00000E-03
	PHI1                       PHI2                       PHI3
  0.0000E+00  0.0000E+00    0.0000E+00  0.0000E+00    0.0000E+00  0.0000E+00
 -8.3159E-02  2.6355E-02    3.8951E-04 -2.9606E-04    1.2992E-02  9.5503E-03
 -1.0404E-01  3.1492E-02    1.3946E-03 -8.8833E-04    1.4163E-02  1.5668E-02
 -2.2560E-01  5.4705E-02    4.1000E-03 -3.3328E-03    3.8745E-02  1.7832E-02
 -1.1249E-01  7.7079E-03    4.2546E-03 -2.0523E-02    1.0182E-01 -2.0204E-02
  9.5806E-02 -7.3209E-02   -2.2643E-02 -6.6278E-02    6.1586E-02 -7.1675E-02
 -6.6883E-02  0.0000E+00   -5.0409E-02 -8.6094E-02   -2.7802E-02  2.6151E-02
LAMBDA( 1)=  6.76844E+05    K1=  5.00000E-04 K3=  1.20000E-02
	PHI1                       PHI2                       PHI3
  0.0000E+00  0.0000E+00    0.0000E+00  0.0000E+00    0.0000E+00  0.0000E+00
  1.1525E-02  2.9351E-02   -3.2531E-04 -1.9426E-04    3.6397E-03 -8.1223E-03
  2.7149E-02  5.9239E-02   -1.2403E-03 -7.6201E-04    6.7946E-03 -1.4982E-02
  7.0472E-02  1.0366E-01   -4.4780E-03 -2.9080E-03    1.1916E-02 -2.6172E-02
  1.3642E-01  1.6025E-01   -1.4433E-02 -9.3286E-03    1.3579E-02 -3.7718E-02
  1.3517E-01  1.0731E-01   -3.4271E-02 -1.9015E-02    9.0449E-04 -2.6267E-02
  8.7511E-02  0.0000E+00   -5.0002E-02 -1.0203E-02   -2.1987E-02  7.2483E-04
LAMBDA( 2)=  5.24119E+04    K1=  5.00000E-04 K3=  1.20000E-02
	PHI1                       PHI2                       PHI3
  0.0000E+00  0.0000E+00    0.0000E+00  0.0000E+00    0.0000E+00  0.0000E+00
 -1.4118E-02  1.2988E-07    4.5753E-04  5.8896E-04   -1.1903E-02  9.7036E-03
 -1.7599E-02 -1.3483E-02    1.4879E-03  2.0387E-03   -1.7535E-02  1.2720E-02
 -6.1608E-02 -3.5081E-02    3.0105E-03  7.9068E-03   -4.1450E-02  5.4649E-03
 -1.4971E-01  1.5664E-02    4.0948E-03  3.3438E-02   -8.5398E-02  1.1054E-03
  2.9648E-02  5.9291E-03    2.5146E-03  9.7651E-02   -8.0623E-02 -6.2139E-03
  1.6844E-01  0.0000E+00   -2.4622E-02  1.3743E-01    1.9080E-02 -3.0382E-02
LAMBDA( 3)=  2.21194E+04    K1=  5.00000E-04 K3=  1.20000E-02
	PHI1                       PHI2                       PHI3
  0.0000E+00  0.0000E+00    0.0000E+00  0.0000E+00    0.0000E+00  0.0000E+00
  3.3561E-02  1.3331E-01    1.2995E-04 -1.4080E-03    2.8464E-02 -2.7985E-03
  7.2366E-02  2.0392E-01    6.8597E-04 -4.8801E-03    4.0786E-02  5.4416E-04
 -9.4898E-02  2.8621E-01    2.7857E-03 -1.3608E-02    5.2789E-02  1.3210E-03
 -6.0859E-02  6.2216E-02   -2.3111E-03 -2.7551E-02    2.7788E-02 -4.2920E-02
  8.2050E-03 -8.9942E-02   -3.9270E-02 -6.2185E-03   -8.2411E-02 -5.4360E-02
 -6.9525E-02  0.0000E+00   -1.5794E-02  1.7448E-02    5.3265E-02  8.9553E-02
LAMBDA( 1)=  3.46835E+05    K1=  5.00000E-04 K3=  1.50000E-02
	PHI1                       PHI2                       PHI3
  0.0000E+00  0.0000E+00    0.0000E+00  0.0000E+00    0.0000E+00  0.0000E+00
  9.8233E-03  3.3753E-02   -4.5824E-04 -2.5401E-04    3.9823E-03 -8.8999E-03
  2.1402E-02  6.5827E-02   -1.7503E-03 -9.9666E-04    7.5819E-03 -1.6350E-02
  7.2410E-02  1.0967E-01   -6.4128E-03 -3.8217E-03    1.3279E-02 -2.9090E-02
  1.4138E-01  1.7118E-01   -2.0252E-02 -1.2030E-02    1.4484E-02 -3.9096E-02
  1.1706E-01  9.5117E-02   -4.5802E-02 -2.2808E-02   -1.3313E-04 -2.4219E-02
  1.0073E-01  0.0000E+00   -6.3993E-02 -4.8425E-03   -2.6378E-02  1.5546E-03
LAMBDA( 2)=  3.23815E+04    K1=  5.00000E-04 K3=  1.50000E-02
	PHI1                       PHI2                       PHI3
  0.0000E+00  0.0000E+00    0.0000E+00  0.0000E+00    0.0000E+00  0.0000E+00
 -4.3635E-04  9.6224E-04    6.2480E-04  8.6180E-04   -1.4607E-02  1.0569E-02
 -1.7344E-03 -2.4137E-02    2.0457E-03  2.9279E-03   -2.0388E-02  1.4320E-02
 -3.1847E-02 -5.5570E-02    3.4644E-03  1.1285E-02   -4.9453E-02  3.8438E-04
 -1.5582E-01  2.3813E-02    3.3776E-03  3.8842E-02   -6.1429E-02  3.0495E-04
  2.6044E-02  7.9788E-03    6.9717E-03  1.0389E-01   -7.2840E-02  6.2933E-03
  1.7332E-01  0.0000E+00   -1.9804E-02  1.2977E-01    3.8458E-02 -3.5252E-02
LAMBDA( 3)=  1.31743E+04    K1=  5.00000E-04 K3=  1.50000E-02
	PHI1                       PHI2                       PHI3
  0.0000E+00  0.0000E+00    0.0000E+00  0.0000E+00    0.0000E+00  0.0000E+00
  1.2857E-01  4.8057E-02   -7.2780E-04 -1.5491E-03    2.1998E-02 -1.3950E-02
  2.3468E-01  9.4526E-02   -2.4681E-03 -5.6740E-03    3.5906E-02 -2.0341E-02
  9.3310E-02  2.2008E-01   -4.6141E-03 -1.7601E-02    5.4440E-02 -8.3680E-03
 -3.5747E-02  6.2547E-02   -1.2460E-02 -4.5099E-02    6.0523E-02 -3.4405E-02
 -2.6681E-02 -5.6134E-02   -2.3239E-02 -8.3484E-03   -1.3675E-01  1.1224E-02
 -5.6077E-02  0.0000E+00    2.0396E-02  1.2052E-02    1.1764E-01  3.7406E-02
LAMBDA( 1)=  3.63480E+05    K1=  1.00000E-03 K3=  0.00000E+00
	PHI1                       PHI2                       PHI3
  0.0000E+00  0.0000E+00    0.0000E+00  0.0000E+00    0.0000E+00  0.0000E+00
  1.2702E-03  5.0433E-03    1.9817E-05 -4.9909E-06    0.0000E+00  0.0000E+00
  1.2879E-02  2.3212E-02    1.3080E-04 -6.0567E-05    0.0000E+00  0.0000E+00
  1.2533E-01 -4.1058E-02   -9.3117E-06 -1.1457E-03    0.0000E+00  0.0000E+00
  1.2815E-01 -4.4086E-02   -1.3447E-03 -5.1213E-03    0.0000E+00  0.0000E+00
  1.8216E-01  1.3427E-01    1.4771E-03 -1.4831E-02    0.0000E+00  0.0000E+00
 -4.9585E-02  0.0000E+00    9.8303E-03 -2.3079E-02    0.0000E+00  0.0000E+00
LAMBDA( 2)=  2.72595E+05    K1=  1.00000E-03 K3=  0.00000E+00
	PHI1                       PHI2                       PHI3
  0.0000E+00  0.0000E+00    0.0000E+00  0.0000E+00    0.0000E+00  0.0000E+00
  0.0000E+00  0.0000E+00    0.0000E+00  0.0000E+00    7.7816E-03 -6.7960E-03
  0.0000E+00  0.0000E+00    0.0000E+00  0.0000E+00    1.8669E-02 -1.5043E-02
  0.0000E+00  0.0000E+00    0.0000E+00  0.0000E+00    3.6260E-02 -2.8093E-02
  0.0000E+00  0.0000E+00    0.0000E+00  0.0000E+00    7.4757E-02 -8.1216E-02
  0.0000E+00  0.0000E+00    0.0000E+00  0.0000E+00    6.7930E-02 -1.8564E-01
  0.0000E+00  0.0000E+00    0.0000E+00  0.0000E+00   -5.4655E-02 -1.7077E-01
LAMBDA( 3)=  1.70700E+05    K1=  1.00000E-03 K3=  0.00000E+00
	PHI1                       PHI2                       PHI3
  0.0000E+00  0.0000E+00    0.0000E+00  0.0000E+00    0.0000E+00  0.0000E+00
 -3.1902E-02  1.3687E-02    5.3781E-05  1.2535E-04    0.0000E+00  0.0000E+00
 -8.5858E-02  1.8458E-02    1.8004E-04  5.8788E-04    0.0000E+00  0.0000E+00
 -8.6464E-02 -2.0237E-02    1.6608E-04  1.9408E-03    0.0000E+00  0.0000E+00
 -1.0491E-01  1.3530E-02    6.0884E-05  4.9423E-03    0.0000E+00  0.0000E+00
  5.9429E-02  5.8365E-02    2.3104E-03  6.3654E-03    0.0000E+00  0.0000E+00
  2.7783E-01  0.0000E+00    5.9413E-03 -1.4616E-02    0.0000E+00  0.0000E+00
LAMBDA( 1)=  1.60219E+06    K1=  1.00000E-03 K3=  3.00000E-03
	PHI1                       PHI2                       PHI3
  0.0000E+00  0.0000E+00    0.0000E+00  0.0000E+00    0.0000E+00  0.0000E+00
 -1.0139E-02 -1.0952E-02    5.2841E-05  3.0119E-05    8.2459E-04  8.1333E-03
 -2.2552E-02 -2.3142E-02    1.9516E-04  1.3722E-04    9.8348E-04  1.5309E-02
 -5.0649E-02 -5.6097E-02    6.2737E-04  6.7153E-04    7.3201E-04  2.9454E-02
 -1.1166E-01 -8.5633E-02    2.2223E-03  2.9117E-03    5.7598E-03  5.1687E-02
 -1.7033E-01 -4.0708E-02    9.5801E-03  8.2150E-03    3.1738E-02  6.8813E-02
 -1.5316E-01  0.0000E+00    2.3368E-02  1.4735E-02    4.1159E-02  1.8635E-02
LAMBDA( 2)=  2.57117E+05    K1=  1.00000E-03 K3=  3.00000E-03
	PHI1                       PHI2                       PHI3
  0.0000E+00  0.0000E+00    0.0000E+00  0.0000E+00    0.0000E+00  0.0000E+00
 -8.4208E-03 -4.2156E-02   -1.1028E-04  8.2477E-05   -4.1899E-03  4.6966E-03
 -1.8697E-02 -7.2732E-02   -4.0512E-04  3.3457E-04   -8.1648E-03  8.5774E-03
 -5.4093E-02 -1.4341E-01   -1.4688E-03  1.4444E-03   -1.4692E-02  1.8312E-02
 -1.2954E-01 -1.3394E-01   -3.6032E-03  5.7130E-03   -1.4818E-02  2.8775E-02
 -3.3074E-02 -1.0923E-03   -2.6735E-03  9.1257E-03    3.2666E-02  2.6141E-02
  2.2691E-01  0.0000E+00   -1.1539E-02 -4.2987E-04   -4.6078E-02 -7.3276E-02
LAMBDA( 3)=  6.36528E+04    K1=  1.00000E-03 K3=  3.00000E-03
	PHI1                       PHI2                       PHI3
  0.0000E+00  0.0000E+00    0.0000E+00  0.0000E+00    0.0000E+00  0.0000E+00
  2.6000E-02  8.7818E-03    2.0445E-04 -2.6434E-04    1.3759E-02  1.4417E-02
  4.6040E-02 -1.3317E-03    6.4537E-04 -9.7222E-04    2.2302E-02  2.0518E-02
  3.9484E-02 -1.7639E-02    2.1670E-03 -3.1181E-03    4.0295E-02  5.0408E-02
  3.8716E-02 -2.2797E-02    6.4600E-03 -8.5872E-03    4.9876E-02  5.4310E-02
 -3.2519E-02  3.0091E-02    8.9956E-03 -5.1014E-03   -8.9077E-02 -2.9728E-02
 -7.3354E-02  0.0000E+00   -2.5755E-02  5.5021E-02   -1.9777E-01 -1.6650E-01
LAMBDA( 1)=  1.61426E+06    K1=  1.00000E-03 K3=  6.00000E-03
	PHI1                       PHI2                       PHI3
  0.0000E+00  0.0000E+00    0.0000E+00  0.0000E+00    0.0000E+00  0.0000E+00
  9.4060E-03  1.7633E-02   -1.4330E-04 -7.1236E-05    1.4540E-03 -9.0170E-03
  2.1310E-02  3.6380E-02   -5.3726E-04 -2.9302E-04    2.8376E-03 -1.6702E-02
  4.6031E-02  8.3316E-02   -1.7767E-03 -1.2035E-03    5.2672E-03 -2.9558E-02
  1.0769E-01  1.2784E-01   -5.6608E-03 -4.2481E-03    1.4664E-03 -4.6910E-02
  1.7124E-01  8.8666E-02   -1.6324E-02 -9.9927E-03   -1.7354E-02 -4.5976E-02
  1.1076E-01  0.0000E+00   -2.9020E-02 -1.1451E-02   -2.5738E-02 -2.8130E-03
LAMBDA( 2)=  2.08350E+05    K1=  1.00000E-03 K3=  6.00000E-03
	PHI1                       PHI2                       PHI3
  0.0000E+00  0.0000E+00    0.0000E+00  0.0000E+00    0.0000E+00  0.0000E+00
  1.6602E-03  4.8700E-02   -1.5210E-05 -2.3481E-04    9.6833E-03 -8.7619E-03
  2.0625E-02  7.7226E-02   -6.8003E-05 -9.2919E-04    1.6067E-02 -1.4466E-02
  5.1742E-02  1.4491E-01   -2.2207E-04 -3.4593E-03    2.5582E-02 -2.5828E-02
  1.1839E-01  1.2250E-01   -4.5501E-04 -1.1659E-02    3.3200E-02 -2.1217E-02
  9.0909E-03 -8.8988E-03    2.7024E-03 -2.5380E-02    1.8639E-02  1.9101E-02
 -2.4817E-01  0.0000E+00    1.3369E-02 -3.2015E-02    3.8982E-02  1.0957E-02
LAMBDA( 3)=  4.26261E+04    K1=  1.00000E-03 K3=  6.00000E-03
	PHI1                       PHI2                       PHI3
  0.0000E+00  0.0000E+00    0.0000E+00  0.0000E+00    0.0000E+00  0.0000E+00
 -4.0945E-02  1.1518E-01    3.8739E-04 -5.8047E-05    9.2863E-03 -2.7648E-03
 -1.2723E-01  2.4144E-01    1.8862E-03 -3.8620E-04    3.2668E-02  6.9293E-03
  2.5486E-02  9.1190E-02    4.7384E-03 -3.6781E-03    5.4173E-02 -1.8200E-03
  8.1148E-02  8.7991E-02    8.6952E-04 -1.7774E-02    7.7845E-02 -6.9157E-02
 -1.0793E-01 -8.9478E-02   -1.7777E-02 -3.8507E-02    3.7058E-02 -2.9919E-02
  1.0280E-01  0.0000E+00   -2.4499E-02 -8.8019E-03   -1.1578E-01  2.6822E-02
LAMBDA( 1)=  9.27091E+05    K1=  1.00000E-03 K3=  9.00000E-03
	PHI1                       PHI2                       PHI3
  0.0000E+00  0.0000E+00    0.0000E+00  0.0000E+00    0.0000E+00  0.0000E+00
  1.3893E-03 -2.3664E-02    1.9362E-04  1.7854E-04   -5.2031E-03  8.1045E-03
 -2.2100E-03 -5.1497E-02    7.1381E-04  7.1006E-04   -9.7415E-03  1.4962E-02
 -1.1924E-02 -1.0365E-01    2.3883E-03  2.7053E-03   -1.6926E-02  2.5975E-02
 -5.3678E-02 -1.6928E-01    7.5961E-03  8.6821E-03   -1.8127E-02  4.1244E-02
 -1.2309E-01 -1.5162E-01    1.9639E-02  1.9121E-02    6.9794E-04  3.7178E-02
 -8.8179E-02  0.0000E+00    3.3355E-02  1.7232E-02    2.6151E-02  4.1660E-03
LAMBDA( 2)=  1.09181E+05    K1=  1.00000E-03 K3=  9.00000E-03
	PHI1                       PHI2                       PHI3
  0.0000E+00  0.0000E+00    0.0000E+00  0.0000E+00    0.0000E+00  0.0000E+00
 -1.1350E-02  4.0178E-02   -1.4109E-04 -5.1789E-04    1.5906E-02 -8.4539E-03
 -8.2887E-03  6.6616E-02   -4.9282E-04 -1.8993E-03    2.5355E-02 -1.3362E-02
  1.3478E-02  1.2621E-01   -1.3101E-03 -6.8268E-03    4.3803E-02 -1.9629E-02
  6.5530E-02  1.2709E-01   -2.6111E-03 -2.4800E-02    7.4746E-02 -1.7732E-02
 -3.1814E-03 -4.5281E-02   -4.6927E-03 -6.3808E-02    5.6851E-02  1.2502E-03
 -2.2208E-01  0.0000E+00   -1.3687E-02 -9.1213E-02    1.7124E-02 -1.2282E-02
LAMBDA( 3)=  7.60819E+04    K1=  1.00000E-03 K3=  9.00000E-03
	PHI1                       PHI2                       PHI3
  0.0000E+00  0.0000E+00    0.0000E+00  0.0000E+00    0.0000E+00  0.0000E+00
 -1.2692E-03 -4.4320E-02    1.0335E-04  2.2559E-04   -6.2383E-03  7.8469E-03
  2.7953E-02 -6.7528E-02    2.0151E-04  8.6129E-04   -1.4709E-02  7.3577E-03
  2.2501E-02 -1.5228E-01    6.8062E-05  2.6863E-03   -1.6725E-02  1.5177E-02
 -6.2158E-02 -1.9635E-01   -4.2401E-04  3.9582E-03    1.2121E-02  2.0074E-02
  1.0285E-01  1.1227E-01   -3.1461E-03 -1.2261E-02    4.0957E-02 -2.0399E-02
 -1.3252E-01  0.0000E+00   -9.0532E-03 -4.3228E-02    1.7646E-02 -2.6266E-03
LAMBDA( 1)=  4.72243E+05    K1=  1.00000E-03 K3=  1.20000E-02
	PHI1                       PHI2                       PHI3
  0.0000E+00  0.0000E+00    0.0000E+00  0.0000E+00    0.0000E+00  0.0000E+00
  1.3095E-02 -2.4443E-02    2.3445E-04  3.0852E-04   -7.6345E-03  7.0094E-03
  2.1349E-02 -5.4413E-02    8.5843E-04  1.2094E-03   -1.4349E-02  1.2801E-02
  1.8119E-02 -1.0571E-01    2.9335E-03  4.5832E-03   -2.4750E-02  2.2568E-02
 -1.1768E-02 -1.9174E-01    9.2758E-03  1.4499E-02   -2.8466E-02  3.5918E-02
 -7.6621E-02 -1.6463E-01    2.3528E-02  3.0173E-02   -5.9134E-03  3.1737E-02
 -9.4718E-02  0.0000E+00    4.3631E-02  2.2582E-02    3.0359E-02  8.9101E-03
LAMBDA( 2)=  6.75724E+04    K1=  1.00000E-03 K3=  1.20000E-02
	PHI1                       PHI2                       PHI3
  0.0000E+00  0.0000E+00    0.0000E+00  0.0000E+00    0.0000E+00  0.0000E+00
  5.7664E-03 -2.8911E-02    2.8346E-04  7.2888E-04   -1.5939E-02  8.4210E-03
  1.0347E-02 -5.9109E-02    9.8771E-04  2.5673E-03   -2.4410E-02  1.3855E-02
 -3.0888E-03 -1.0858E-01    2.2837E-03  9.1799E-03   -4.6382E-02  1.3875E-02
 -7.2730E-02 -8.4861E-02    5.1107E-03  3.3298E-02   -7.5450E-02  1.7266E-02
  1.5285E-02  3.4821E-02    1.6103E-02  8.4361E-02   -5.5761E-02  1.6181E-02
  2.1976E-01  0.0000E+00    3.8197E-02  1.0771E-01    4.8945E-03  1.0512E-02
LAMBDA( 3)=  4.35308E+04    K1=  1.00000E-03 K3=  1.20000E-02
	PHI1                       PHI2                       PHI3
  0.0000E+00  0.0000E+00    0.0000E+00  0.0000E+00    0.0000E+00  0.0000E+00
  6.1618E-02  2.3718E-02   -4.6389E-04 -4.1260E-04    3.6159E-03 -1.1815E-02
  9.8411E-02  1.9734E-02   -1.5917E-03 -1.7041E-03    1.0449E-02 -1.5734E-02
  9.9122E-02  1.9202E-01   -3.6803E-03 -4.7829E-03    5.7691E-03 -2.4082E-02
  8.6855E-02  1.7674E-01   -3.8654E-03 -4.7201E-03   -2.1601E-02 -7.6320E-03
 -1.2168E-01 -9.0419E-02    1.3446E-02  1.5427E-02   -2.9158E-02  4.6546E-02
  9.3632E-02  0.0000E+00    3.0096E-02  3.3536E-02    7.2381E-03 -1.6709E-02
LAMBDA( 1)=  2.50225E+05    K1=  1.00000E-03 K3=  1.50000E-02
	PHI1                       PHI2                       PHI3
  0.0000E+00  0.0000E+00    0.0000E+00  0.0000E+00    0.0000E+00  0.0000E+00
 -1.9125E-02  2.5690E-02   -3.2127E-04 -4.1008E-04    8.2327E-03 -7.1637E-03
 -3.4510E-02  5.4160E-02   -1.1905E-03 -1.6068E-03    1.5656E-02 -1.2913E-02
 -2.0680E-02  1.1202E-01   -4.1815E-03 -6.2081E-03    2.7094E-02 -2.3564E-02
  8.0502E-03  2.0026E-01   -1.2946E-02 -1.9407E-02    2.9852E-02 -3.4511E-02
  6.5511E-02  1.5152E-01   -3.1380E-02 -3.7492E-02    3.7768E-03 -2.8219E-02
  1.0698E-01  0.0000E+00   -5.7832E-02 -1.8756E-02   -3.5354E-02 -1.0228E-02
LAMBDA( 2)=  4.21706E+04    K1=  1.00000E-03 K3=  1.50000E-02
	PHI1                       PHI2                       PHI3
  0.0000E+00  0.0000E+00    0.0000E+00  0.0000E+00    0.0000E+00  0.0000E+00
  4.1929E-03 -2.7865E-02    4.4445E-04  9.5804E-04   -1.6534E-02  9.3986E-03
  1.0780E-02 -7.0743E-02    1.5425E-03  3.3149E-03   -2.4467E-02  1.5813E-02
  5.1442E-03 -1.0154E-01    3.5108E-03  1.1997E-02   -5.0321E-02  1.2386E-02
 -7.2451E-02 -6.7568E-02    5.8774E-03  3.9705E-02   -6.2966E-02  8.9472E-03
  9.4566E-03  3.0798E-02    1.9466E-02  9.3403E-02   -4.7250E-02  2.2458E-02
  2.2385E-01  0.0000E+00    4.7972E-02  1.0412E-01    2.0215E-02  6.0358E-03
LAMBDA( 3)=  2.14956E+04    K1=  1.00000E-03 K3=  1.50000E-02
	PHI1                       PHI2                       PHI3
  0.0000E+00  0.0000E+00    0.0000E+00  0.0000E+00    0.0000E+00  0.0000E+00
 -1.1228E-01  2.6451E-02    9.4282E-04  5.5265E-04   -1.8914E-03  1.4233E-02
 -2.2310E-01  7.3441E-02    3.4310E-03  2.3912E-03   -6.9550E-03  2.1338E-02
 -1.2956E-01 -1.5026E-01    8.4278E-03  6.0560E-03   -6.5365E-04  2.6212E-02
 -9.1098E-02 -1.6736E-01    1.2980E-02  3.9916E-03    2.4139E-02  1.4311E-02
  1.2222E-01  6.7306E-02   -1.6933E-02 -1.6181E-02    1.6768E-02 -7.1375E-02
 -5.4356E-02  0.0000E+00   -3.4620E-02 -1.2553E-02   -2.5181E-02  4.7935E-02
LAMBDA( 1)=  2.36879E+05    K1=  1.50000E-03 K3=  0.00000E+00
	PHI1                       PHI2                       PHI3
  0.0000E+00  0.0000E+00    0.0000E+00  0.0000E+00    0.0000E+00  0.0000E+00
  1.7896E-02  1.8410E-02    1.0851E-04 -1.0547E-04    0.0000E+00  0.0000E+00
  2.5951E-02  7.7138E-03    2.6242E-04 -3.6381E-04    0.0000E+00  0.0000E+00
 -1.4248E-01  5.1919E-02    9.6470E-04  1.0086E-03    0.0000E+00  0.0000E+00
 -9.9821E-02  8.7545E-02    4.2457E-03  6.7090E-03    0.0000E+00  0.0000E+00
 -1.2315E-01 -1.3040E-01    2.2342E-03  1.7174E-02    0.0000E+00  0.0000E+00
  1.7221E-01  0.0000E+00   -9.9348E-03  1.2596E-02    0.0000E+00  0.0000E+00
LAMBDA( 2)=  2.32241E+05    K1=  1.50000E-03 K3=  0.00000E+00
	PHI1                       PHI2                       PHI3
  0.0000E+00  0.0000E+00    0.0000E+00  0.0000E+00    0.0000E+00  0.0000E+00
  0.0000E+00  0.0000E+00    0.0000E+00  0.0000E+00   -9.6015E-03 -8.9185E-04
  0.0000E+00  0.0000E+00    0.0000E+00  0.0000E+00   -2.2133E-02 -3.6052E-03
  0.0000E+00  0.0000E+00    0.0000E+00  0.0000E+00   -4.1942E-02 -5.2093E-03
  0.0000E+00  0.0000E+00    0.0000E+00  0.0000E+00   -1.0573E-01  1.0783E-02
  0.0000E+00  0.0000E+00    0.0000E+00  0.0000E+00   -1.4189E-01  1.1523E-01
  0.0000E+00  0.0000E+00    0.0000E+00  0.0000E+00   -1.1970E-02  2.0329E-01
LAMBDA( 3)=  8.90849E+04    K1=  1.50000E-03 K3=  0.00000E+00
	PHI1                       PHI2                       PHI3
  0.0000E+00  0.0000E+00    0.0000E+00  0.0000E+00    0.0000E+00  0.0000E+00
 -4.8290E-02 -7.7080E-02   -4.5430E-04  2.8462E-04    0.0000E+00  0.0000E+00
 -1.1423E-01 -1.7188E-01   -1.9211E-03  1.2421E-03    0.0000E+00  0.0000E+00
  3.8250E-02 -1.2921E-01   -5.4669E-03  2.1369E-03    0.0000E+00  0.0000E+00
 -7.7438E-02 -1.7356E-01   -1.2590E-02  3.0588E-03    0.0000E+00  0.0000E+00
 -1.1609E-02  1.1904E-01   -1.5148E-02  7.2380E-03    0.0000E+00  0.0000E+00
  1.8863E-01  0.0000E+00   -4.0403E-03 -9.2815E-03    0.0000E+00  0.0000E+00
LAMBDA( 1)=  9.33526E+05    K1=  1.50000E-03 K3=  3.00000E-03
	PHI1                       PHI2                       PHI3
  0.0000E+00  0.0000E+00    0.0000E+00  0.0000E+00    0.0000E+00  0.0000E+00
  1.3751E-03  5.8488E-03   -8.1755E-05 -3.1475E-06   -4.2055E-04 -9.8600E-03
  4.7705E-03  1.4206E-02   -2.9576E-04 -4.0487E-05    5.1658E-04 -1.8329E-02
  2.3465E-02  4.6320E-02   -8.4678E-04 -4.3120E-04    1.9539E-03 -3.5328E-02
  8.0426E-02  9.1189E-02   -2.1539E-03 -2.6948E-03   -5.7903E-03 -6.1206E-02
  1.6405E-01  3.7796E-02   -9.0480E-03 -9.5529E-03   -4.3383E-02 -7.6733E-02
  1.6158E-01  0.0000E+00   -2.3273E-02 -2.0963E-02   -5.8291E-02 -1.8382E-02
LAMBDA( 2)=  2.30290E+05    K1=  1.50000E-03 K3=  3.00000E-03
	PHI1                       PHI2                       PHI3
  0.0000E+00  0.0000E+00    0.0000E+00  0.0000E+00    0.0000E+00  0.0000E+00
 -1.1938E-02  2.1566E-02    8.4969E-05  9.4051E-06    5.1710E-03 -3.5747E-03
 -2.3828E-02  4.8148E-02    3.7465E-04  1.5254E-05    1.2216E-02 -6.6986E-03
 -1.1316E-02  1.2758E-01    1.9536E-03 -3.6916E-04    2.1678E-02 -1.4128E-02
  5.5879E-02  1.8381E-01    7.8491E-03 -3.1149E-03    1.4396E-02 -1.6264E-02
  7.7768E-02  4.5366E-03    1.6118E-02 -7.7158E-03   -3.2204E-02  1.0183E-02
 -2.1929E-01  0.0000E+00    3.0234E-02  4.8747E-03    3.5506E-02  6.3183E-02
LAMBDA( 3)=  5.88260E+04    K1=  1.50000E-03 K3=  3.00000E-03
	PHI1                       PHI2                       PHI3
  0.0000E+00  0.0000E+00    0.0000E+00  0.0000E+00    0.0000E+00  0.0000E+00
 -6.1084E-02 -3.6321E-02   -2.7333E-04  6.1335E-04   -2.1491E-02 -5.0272E-03
 -1.1289E-01 -8.0110E-02   -1.0347E-03  2.3028E-03   -3.4896E-02 -1.3733E-03
 -1.2306E-01 -4.9975E-02   -2.8621E-03  7.5669E-03   -7.0626E-02 -1.1170E-02
 -8.9181E-02  3.4238E-02   -3.2268E-03  2.0004E-02   -8.7588E-02  1.1288E-02
  7.4894E-02 -2.0553E-02    3.6808E-03  2.5448E-02    3.6729E-02  5.5460E-02
  6.5737E-02  0.0000E+00    1.6413E-02 -3.6894E-02    2.2699E-01  2.3035E-02
LAMBDA( 1)=  1.06882E+06    K1=  1.50000E-03 K3=  6.00000E-03
	PHI1                       PHI2                       PHI3
  0.0000E+00  0.0000E+00    0.0000E+00  0.0000E+00    0.0000E+00  0.0000E+00
 -2.7427E-03 -1.3128E-02    1.5693E-04  7.5509E-05   -2.5172E-03  9.9384E-03
 -7.2063E-03 -2.8411E-02    5.7467E-04  3.1331E-04   -5.0860E-03  1.8172E-02
 -2.0214E-02 -7.7792E-02    1.6885E-03  1.2940E-03   -8.8768E-03  3.2023E-02
 -7.6276E-02 -1.3463E-01    4.4987E-03  4.6259E-03   -2.4075E-03  5.0946E-02
 -1.7051E-01 -1.0041E-01    1.2141E-02  1.2207E-02    2.3724E-02  4.8520E-02
 -1.1223E-01  0.0000E+00    1.9284E-02  1.9523E-02    2.7361E-02 -4.2810E-03
LAMBDA( 2)=  2.15898E+05    K1=  1.50000E-03 K3=  6.00000E-03
	PHI1                       PHI2                       PHI3
  0.0000E+00  0.0000E+00    0.0000E+00  0.0000E+00    0.0000E+00  0.0000E+00
  7.0456E-03 -2.4812E-02   -7.8067E-06  1.8087E-04   -9.4334E-03  5.8718E-03
  1.1560E-04 -4.3352E-02   -7.1662E-06  7.6072E-04   -1.6962E-02  1.1196E-02
 -1.1002E-02 -1.1074E-01   -3.5534E-04  2.9473E-03   -2.6735E-02  1.9935E-02
 -4.8362E-02 -1.3892E-01   -3.2887E-03  9.1194E-03   -2.4013E-02  1.1307E-02
 -4.3779E-02 -4.2169E-03   -1.3069E-02  1.9319E-02   -7.2803E-03 -2.7621E-02
  2.6731E-01  0.0000E+00   -2.6465E-02  1.3425E-02   -3.2813E-02 -7.2130E-03
LAMBDA( 3)=  9.43018E+04    K1=  1.50000E-03 K3=  6.00000E-03
	PHI1                       PHI2                       PHI3
  0.0000E+00  0.0000E+00    0.0000E+00  0.0000E+00    0.0000E+00  0.0000E+00
  5.8893E-02 -3.9945E-02   -1.7539E-04 -1.3023E-05   -1.4171E-02  2.5470E-03
  1.2096E-01 -9.9795E-02   -9.4100E-04 -8.0006E-05   -2.7950E-02 -9.8956E-05
  9.5318E-02 -9.1208E-02   -2.9691E-03  7.8362E-04   -4.4453E-02  4.7968E-03
 -5.5664E-02 -2.2715E-01   -7.7462E-03  8.7176E-03   -4.9772E-02  2.4028E-02
  9.1995E-02  1.1720E-01   -8.6570E-03  1.7970E-02   -8.5946E-03 -1.3926E-03
 -9.2075E-02  0.0000E+00    9.7513E-03  7.6601E-03    3.6234E-02  2.1409E-02
LAMBDA( 1)=  6.53795E+05    K1=  1.50000E-03 K3=  9.00000E-03
	PHI1                       PHI2                       PHI3
  0.0000E+00  0.0000E+00    0.0000E+00  0.0000E+00    0.0000E+00  0.0000E+00
  8.1826E-03 -1.4514E-02    1.6257E-04  2.0679E-04   -7.2114E-03  7.0160E-03
  1.3240E-02 -3.4428E-02    5.6851E-04  8.1534E-04   -1.3574E-02  1.2624E-02
  2.9468E-02 -6.8792E-02    1.7998E-03  2.9046E-03   -2.3112E-02  2.2005E-02
  2.8955E-03 -1.5588E-01    5.0497E-03  8.8359E-03   -2.4302E-02  3.8464E-02
 -1.0103E-01 -1.8359E-01    1.0642E-02  2.0305E-02   -7.0549E-05  3.7973E-02
 -8.7718E-02  0.0000E+00    1.3332E-02  2.2155E-02    2.8224E-02 -2.5696E-03
LAMBDA( 2)=  1.21859E+05    K1=  1.50000E-03 K3=  9.00000E-03
	PHI1                       PHI2                       PHI3
  0.0000E+00  0.0000E+00    0.0000E+00  0.0000E+00    0.0000E+00  0.0000E+00
 -4.5291E-03  8.2956E-03   -1.4938E-05  1.6784E-04   -3.9912E-03 -1.8050E-03
 -1.9161E-02  1.6761E-02    5.2914E-05  6.6961E-04   -6.2549E-03 -4.5174E-04
 -1.9543E-03  5.9175E-02    6.4160E-04  2.3446E-03   -1.3931E-02 -3.8731E-03
  5.7030E-03  6.8085E-02    1.7164E-03  8.7819E-03   -3.2298E-02 -9.7222E-03
 -6.6458E-02 -7.6101E-02   -8.1446E-04  3.3297E-02   -4.4634E-02  2.0706E-03
  2.6639E-01  0.0000E+00    5.0780E-04  5.5380E-02   -2.8129E-02  1.2974E-02
LAMBDA( 3)=  1.13687E+05    K1=  1.50000E-03 K3=  9.00000E-03
	PHI1                       PHI2                       PHI3
  0.0000E+00  0.0000E+00    0.0000E+00  0.0000E+00    0.0000E+00  0.0000E+00
  1.6529E-02 -3.5914E-02    1.7802E-04  4.8565E-04   -1.6488E-02  1.1020E-02
  3.1039E-02 -7.1886E-02    6.0487E-04  1.8613E-03   -3.0356E-02  1.9022E-02
 -1.4597E-03 -1.8009E-01    1.2128E-03  7.0599E-03   -4.8146E-02  3.1577E-02
 -7.8081E-02 -2.4561E-01    9.3492E-04  2.3313E-02   -5.3743E-02  3.7404E-02
  7.1363E-02  7.5056E-02    4.3631E-03  4.5204E-02   -2.2876E-02  3.1956E-03
  9.9011E-02  0.0000E+00    2.2897E-02  3.1698E-02    1.8602E-02  1.7397E-02
LAMBDA( 1)=  3.55021E+05    K1=  1.50000E-03 K3=  1.20000E-02
	PHI1                       PHI2                       PHI3
  0.0000E+00  0.0000E+00    0.0000E+00  0.0000E+00    0.0000E+00  0.0000E+00
  1.7453E-02 -9.5740E-03    1.5742E-04  3.2338E-04   -9.0400E-03  4.5355E-03
  3.2738E-02 -2.5464E-02    5.3428E-04  1.2521E-03   -1.6937E-02  7.8398E-03
  4.7890E-02 -6.0936E-02    1.5931E-03  4.5965E-03   -2.8639E-02  1.4199E-02
  4.5071E-02 -1.5137E-01    4.4896E-03  1.3991E-02   -3.2898E-02  2.7729E-02
 -4.4786E-02 -2.0124E-01    9.5420E-03  2.9068E-02   -7.2923E-03  2.9803E-02
 -9.4632E-02  0.0000E+00    1.4823E-02  2.3204E-02    3.2574E-02  2.4256E-03
LAMBDA( 2)=  7.68794E+04    K1=  1.50000E-03 K3=  1.20000E-02
	PHI1                       PHI2                       PHI3
  0.0000E+00  0.0000E+00    0.0000E+00  0.0000E+00    0.0000E+00  0.0000E+00
 -6.6196E-03 -2.9319E-02    1.9256E-04  2.3259E-04   -4.1053E-03  7.7489E-03
 -1.6276E-02 -5.1696E-02    6.1787E-04  9.7820E-04   -8.8518E-03  1.1401E-02
 -4.1654E-03 -1.4727E-01    1.5638E-03  2.7885E-03   -7.8081E-03  2.3510E-02
 -5.7744E-02 -1.9684E-01    2.0322E-03  4.3942E-03    7.0154E-03  2.1993E-02
  8.9288E-02  1.0736E-01    2.0093E-03 -1.0459E-02    2.8600E-02 -1.0869E-02
 -1.6177E-01  0.0000E+00   -1.0466E-03 -4.3730E-02    2.5028E-02 -6.6448E-03
LAMBDA( 3)=  6.78280E+04    K1=  1.50000E-03 K3=  1.20000E-02
	PHI1                       PHI2                       PHI3
  0.0000E+00  0.0000E+00    0.0000E+00  0.0000E+00    0.0000E+00  0.0000E+00
 -3.1831E-03  1.7149E-02   -3.1977E-04 -7.5829E-04    1.6480E-02 -8.9255E-03
 -1.1696E-02  4.0092E-02   -1.2147E-03 -2.8252E-03    2.9232E-02 -1.7217E-02
  3.0473E-03  1.0297E-01   -3.1728E-03 -1.0442E-02    5.2699E-02 -2.1450E-02
  5.8365E-02  1.4908E-01   -6.9584E-03 -3.4828E-02    6.9193E-02 -3.0171E-02
 -4.0871E-02 -2.1591E-02   -2.0557E-02 -7.7232E-02    4.1559E-02 -2.1985E-02
 -2.1382E-01  0.0000E+00   -5.4847E-02 -6.8618E-02   -2.1261E-02 -2.1248E-02
LAMBDA( 1)=  1.96322E+05    K1=  1.50000E-03 K3=  1.50000E-02
	PHI1                       PHI2                       PHI3
  0.0000E+00  0.0000E+00    0.0000E+00  0.0000E+00    0.0000E+00  0.0000E+00
 -2.3315E-02  5.7044E-03   -1.9028E-04 -4.1734E-04    9.4123E-03 -3.7989E-03
 -4.5556E-02  1.4621E-02   -6.6395E-04 -1.6086E-03    1.7695E-02 -6.2732E-03
 -5.1394E-02  5.9239E-02   -1.9688E-03 -6.0646E-03    2.9838E-02 -1.2193E-02
 -5.2811E-02  1.4753E-01   -5.4579E-03 -1.8529E-02    3.3564E-02 -2.3316E-02
  3.1653E-02  1.9921E-01   -1.2034E-02 -3.5999E-02    5.7763E-03 -2.5371E-02
  1.0513E-01  0.0000E+00   -2.1426E-02 -2.0404E-02   -3.6167E-02 -4.6144E-03
LAMBDA( 2)=  4.72608E+04    K1=  1.50000E-03 K3=  1.50000E-02
	PHI1                       PHI2                       PHI3
  0.0000E+00  0.0000E+00    0.0000E+00  0.0000E+00    0.0000E+00  0.0000E+00
 -3.1339E-02 -2.5167E-02    4.9703E-04  2.9566E-04   -1.8824E-03  1.0950E-02
 -7.8555E-02 -4.2501E-02    1.7965E-03  1.3755E-03   -5.4565E-03  1.7873E-02
 -5.0397E-02 -1.4234E-01    5.8288E-03  3.6565E-03   -1.0168E-03  3.4851E-02
 -1.2203E-01 -1.8240E-01    1.3664E-02  6.3224E-03    6.9276E-03  3.0929E-02
  1.1620E-01  8.2813E-02    1.8348E-02 -8.8274E-03    2.5935E-02 -1.0990E-02
 -1.2981E-01  0.0000E+00    1.2168E-03 -5.2765E-02    2.2510E-02 -1.5649E-02
LAMBDA( 3)=  4.15538E+04    K1=  1.50000E-03 K3=  1.50000E-02
	PHI1                       PHI2                       PHI3
  0.0000E+00  0.0000E+00    0.0000E+00  0.0000E+00    0.0000E+00  0.0000E+00
  4.7316E-03  5.1997E-03   -6.0330E-04 -8.5560E-04    1.4044E-02 -1.0756E-02
 -2.4806E-03  2.0760E-02   -2.3253E-03 -3.1491E-03    2.4660E-02 -2.1067E-02
  2.7596E-02  7.7887E-02   -6.3588E-03 -1.2241E-02    5.0027E-02 -2.3047E-02
  8.6496E-02  9.7344E-02   -1.3374E-02 -4.0582E-02    5.9032E-02 -2.4293E-02
 -4.6505E-02  1.1459E-02   -3.2582E-02 -8.5661E-02    3.3020E-02 -2.7516E-02
 -2.2588E-01  0.0000E+00   -6.8838E-02 -6.2445E-02   -3.0660E-02 -1.2482E-02
LAMBDA( 1)=  1.91910E+05    K1=  2.00000E-03 K3=  0.00000E+00
	PHI1                       PHI2                       PHI3
  0.0000E+00  0.0000E+00    0.0000E+00  0.0000E+00    0.0000E+00  0.0000E+00
  0.0000E+00  0.0000E+00    0.0000E+00  0.0000E+00   -3.8847E-03 -7.9903E-03
  0.0000E+00  0.0000E+00    0.0000E+00  0.0000E+00   -6.9890E-03 -1.9691E-02
  0.0000E+00  0.0000E+00    0.0000E+00  0.0000E+00   -1.6471E-02 -3.3076E-02
  0.0000E+00  0.0000E+00    0.0000E+00  0.0000E+00   -6.6844E-02 -7.5069E-02
  0.0000E+00  0.0000E+00    0.0000E+00  0.0000E+00   -1.6791E-01 -1.6371E-02
  0.0000E+00  0.0000E+00    0.0000E+00  0.0000E+00   -1.4766E-01  1.6786E-01
LAMBDA( 2)=  1.86149E+05    K1=  2.00000E-03 K3=  0.00000E+00
	PHI1                       PHI2                       PHI3
  0.0000E+00  0.0000E+00    0.0000E+00  0.0000E+00    0.0000E+00  0.0000E+00
 -2.0702E-02 -2.0334E-02   -1.5980E-04  1.6269E-04    0.0000E+00  0.0000E+00
 -3.6111E-02 -1.2746E-02   -4.1967E-04  6.0898E-04    0.0000E+00  0.0000E+00
  1.3265E-01 -5.0708E-02   -1.4160E-03 -9.0685E-04    0.0000E+00  0.0000E+00
  8.1275E-02 -9.0625E-02   -5.8493E-03 -7.6171E-03    0.0000E+00  0.0000E+00
  1.2395E-01  1.3257E-01   -3.2245E-03 -2.0460E-02    0.0000E+00  0.0000E+00
 -1.7665E-01  0.0000E+00    1.3271E-02 -1.3903E-02    0.0000E+00  0.0000E+00
LAMBDA( 3)=  8.16098E+04    K1=  2.00000E-03 K3=  0.00000E+00
	PHI1                       PHI2                       PHI3
  0.0000E+00  0.0000E+00    0.0000E+00  0.0000E+00    0.0000E+00  0.0000E+00
  3.2202E-02  5.4077E-02    4.2496E-04 -2.5306E-04    0.0000E+00  0.0000E+00
  7.1334E-02  1.4253E-01    1.9694E-03 -1.0664E-03    0.0000E+00  0.0000E+00
 -5.3928E-02  1.0875E-01    5.9151E-03 -1.3397E-03    0.0000E+00  0.0000E+00
  9.2173E-02  1.9352E-01    1.5397E-02 -2.5394E-03    0.0000E+00  0.0000E+00
  1.1035E-02 -1.1055E-01    2.0589E-02 -8.9978E-03    0.0000E+00  0.0000E+00
 -1.8893E-01  0.0000E+00    6.8342E-03  1.3137E-02    0.0000E+00  0.0000E+00
LAMBDA( 1)=  6.08303E+05    K1=  2.00000E-03 K3=  3.00000E-03
	PHI1                       PHI2                       PHI3
  0.0000E+00  0.0000E+00    0.0000E+00  0.0000E+00    0.0000E+00  0.0000E+00
 -3.0143E-03  1.5305E-03   -1.1197E-04  1.8761E-05    4.1795E-04 -1.0519E-02
 -4.8077E-03  6.0063E-03   -4.0368E-04  4.1678E-05    2.8519E-03 -1.9261E-02
  8.2585E-03  3.3946E-02   -1.1095E-03 -2.1784E-04    5.8660E-03 -3.7339E-02
  5.9097E-02  8.5759E-02   -2.1407E-03 -2.4820E-03   -2.6495E-03 -6.4381E-02
  1.6285E-01  3.4350E-02   -7.7557E-03 -1.1808E-02   -4.5961E-02 -7.5511E-02
  1.7028E-01  0.0000E+00   -2.0108E-02 -3.2519E-02   -6.5157E-02 -1.3573E-02
LAMBDA( 2)=  2.05506E+05    K1=  2.00000E-03 K3=  3.00000E-03
	PHI1                       PHI2                       PHI3
  0.0000E+00  0.0000E+00    0.0000E+00  0.0000E+00    0.0000E+00  0.0000E+00
  1.3254E-02 -7.2433E-03   -2.8023E-05 -4.1985E-05   -5.2742E-03  2.4515E-03
  2.8542E-02 -2.4158E-02   -1.9415E-04 -1.3886E-04   -1.4368E-02  4.3843E-03
  2.7574E-02 -9.6240E-02   -1.7507E-03 -9.5485E-05   -2.4884E-02  9.7966E-03
 -2.5205E-02 -1.9038E-01   -9.9469E-03  1.3810E-03   -8.0756E-03  7.0883E-03
 -9.6296E-02 -2.6587E-02   -2.7190E-02  5.8023E-03    4.1974E-02 -4.6137E-02
  1.9549E-01  0.0000E+00   -5.1772E-02 -8.4654E-03   -3.1657E-02 -6.7854E-02
LAMBDA( 3)=  6.04062E+04    K1=  2.00000E-03 K3=  3.00000E-03
	PHI1                       PHI2                       PHI3
  0.0000E+00  0.0000E+00    0.0000E+00  0.0000E+00    0.0000E+00  0.0000E+00
 -8.9941E-03 -3.8948E-02   -4.8232E-04  2.0797E-04   -1.1647E-02 -1.4951E-02
 -4.3747E-03 -1.0048E-01   -1.9518E-03  7.0463E-04   -2.1590E-02 -1.6804E-02
 -2.9548E-02 -8.3009E-02   -6.1619E-03  2.7451E-03   -4.2425E-02 -3.9619E-02
 -5.3787E-02 -8.2130E-02   -1.4845E-02  1.0995E-02   -7.7347E-02 -3.4835E-02
  5.2005E-02  6.8047E-02   -1.2606E-02  2.0108E-02   -1.8555E-02  6.8081E-02
  6.9270E-02  0.0000E+00    2.7578E-02 -3.1212E-02    2.1268E-01  1.0186E-01
LAMBDA( 1)=  7.33855E+05    K1=  2.00000E-03 K3=  6.00000E-03
	PHI1                       PHI2                       PHI3
  0.0000E+00  0.0000E+00    0.0000E+00  0.0000E+00    0.0000E+00  0.0000E+00
 -4.9621E-04 -9.8016E-03    1.6626E-04  8.3413E-05   -3.3727E-03  1.0319E-02
 -1.9393E-03 -2.1919E-02    5.9866E-04  3.4666E-04   -6.9859E-03  1.8602E-02
 -1.0939E-02 -7.0002E-02    1.5704E-03  1.4330E-03   -1.1783E-02  3.2667E-02
 -6.3643E-02 -1.3131E-01    3.2028E-03  5.1725E-03   -3.0939E-03  5.1786E-02
 -1.7345E-01 -1.0347E-01    6.8623E-03  1.5374E-02    2.7783E-02  4.5967E-02
 -1.1145E-01  0.0000E+00    5.5029E-03  3.1639E-02    2.3613E-02 -1.5120E-02
LAMBDA( 2)=  1.84815E+05    K1=  2.00000E-03 K3=  6.00000E-03
	PHI1                       PHI2                       PHI3
  0.0000E+00  0.0000E+00    0.0000E+00  0.0000E+00    0.0000E+00  0.0000E+00
  3.6214E-03 -1.7734E-02   -3.4660E-05  1.6199E-04   -8.0782E-03  4.4413E-03
 -3.0404E-03 -3.3877E-02   -1.1701E-04  7.2740E-04   -1.6107E-02  9.2683E-03
 -1.0046E-02 -9.4355E-02   -9.2165E-04  2.8549E-03   -2.4693E-02  1.6395E-02
 -3.3651E-02 -1.3198E-01   -6.1822E-03  7.6993E-03   -1.2221E-02  3.1467E-03
 -4.8559E-02 -1.7295E-02   -2.3745E-02  1.4382E-02    4.0263E-03 -4.6942E-02
  2.6499E-01  0.0000E+00   -5.1177E-02 -2.5244E-03   -3.0877E-02 -2.0784E-02
LAMBDA( 3)=  9.06437E+04    K1=  2.00000E-03 K3=  6.00000E-03
	PHI1                       PHI2                       PHI3
  0.0000E+00  0.0000E+00    0.0000E+00  0.0000E+00    0.0000E+00  0.0000E+00
  3.8350E-02 -3.9521E-02   -1.2434E-04  2.7141E-05   -1.3935E-02  7.8997E-03
  6.9393E-02 -1.0178E-01   -7.2424E-04  9.7568E-05   -2.4968E-02  1.3745E-02
  6.2916E-02 -1.1226E-01   -2.1839E-03  7.7109E-04   -3.3432E-02  2.6614E-02
 -1.1009E-01 -2.2347E-01   -6.5279E-03  7.4311E-03   -2.1617E-02  3.9135E-02
  1.1559E-01  7.7252E-02   -1.1490E-02  6.1028E-03    2.6860E-02 -1.6824E-02
 -7.9244E-02  0.0000E+00   -1.2285E-02 -3.1457E-02    6.1650E-02 -1.1057E-02
LAMBDA( 1)=  4.65960E+05    K1=  2.00000E-03 K3=  9.00000E-03
	PHI1                       PHI2                       PHI3
  0.0000E+00  0.0000E+00    0.0000E+00  0.0000E+00    0.0000E+00  0.0000E+00
 -8.3268E-03  9.7427E-03   -1.4641E-04 -2.2009E-04    8.0740E-03 -6.3051E-03
 -1.4611E-02  2.4496E-02   -4.8538E-04 -8.6428E-04    1.5246E-02 -1.0893E-02
 -3.5445E-02  5.1853E-02   -1.4065E-03 -2.9592E-03    2.5526E-02 -1.9110E-02
 -1.7181E-02  1.4075E-01   -3.1598E-03 -8.5313E-03    2.5644E-02 -3.6111E-02
  9.5157E-02  1.9479E-01   -2.5128E-03 -2.0096E-02   -1.9031E-03 -3.6155E-02
  8.4313E-02  0.0000E+00    1.0085E-02 -2.5172E-02   -2.8913E-02  1.5368E-02
LAMBDA( 2)=  1.06982E+05    K1=  2.00000E-03 K3=  9.00000E-03
	PHI1                       PHI2                       PHI3
  0.0000E+00  0.0000E+00    0.0000E+00  0.0000E+00    0.0000E+00  0.0000E+00
 -1.9690E-02  9.5677E-03    2.3731E-05  1.9060E-05    3.8367E-03 -1.4551E-03
 -4.4673E-02  2.2419E-02    2.2000E-04  1.7331E-04    6.1027E-03 -1.0084E-04
 -5.3910E-02  8.3486E-02    1.5822E-03  8.6120E-04    6.0694E-03 -4.1549E-03
 -4.1082E-02  1.3032E-01    5.8506E-03  3.6669E-03   -4.8373E-03 -1.3118E-02
 -4.7322E-02 -1.0341E-01    2.9149E-03  2.1491E-02   -3.8815E-02 -3.2872E-03
  2.3941E-01  0.0000E+00   -1.1738E-02  3.7890E-02   -3.3159E-02  9.6992E-05
LAMBDA( 3)=  8.81018E+04    K1=  2.00000E-03 K3=  9.00000E-03
	PHI1                       PHI2                       PHI3
  0.0000E+00  0.0000E+00    0.0000E+00  0.0000E+00    0.0000E+00  0.0000E+00
 -2.3124E-02  1.5562E-02   -2.3008E-05 -5.7290E-04    2.1339E-02 -4.1088E-03
 -4.5924E-02  3.7440E-02   -8.1905E-05 -2.2073E-03    4.0238E-02 -9.3355E-03
 -6.6483E-02  1.2464E-01    5.5442E-04 -7.8724E-03    6.4916E-02 -1.7676E-02
 -4.5065E-02  2.4424E-01    6.2528E-03 -2.2524E-02    6.3670E-02 -2.3928E-02
 -1.3293E-02 -6.3456E-02    1.1254E-02 -4.0896E-02    1.4542E-02  1.5114E-03
 -1.7093E-01  0.0000E+00   -8.3656E-03 -9.7515E-03   -2.9227E-02 -2.2450E-02
LAMBDA( 1)=  2.61876E+05    K1=  2.00000E-03 K3=  1.20000E-02
	PHI1                       PHI2                       PHI3
  0.0000E+00  0.0000E+00    0.0000E+00  0.0000E+00    0.0000E+00  0.0000E+00
 -1.5157E-02  3.4859E-03   -1.2169E-04 -3.2198E-04    9.3548E-03 -3.1618E-03
 -2.9441E-02  1.2372E-02   -3.7507E-04 -1.2322E-03    1.7390E-02 -4.8570E-03
 -4.7586E-02  3.9150E-02   -8.9428E-04 -4.3790E-03    2.8849E-02 -9.2409E-03
 -5.5409E-02  1.2512E-01   -1.8161E-03 -1.2738E-02    3.2733E-02 -2.3036E-02
  3.1191E-02  2.1544E-01    5.2940E-04 -2.5856E-02    6.2386E-03 -2.7478E-02
  8.9845E-02  0.0000E+00    1.4322E-02 -1.8820E-02   -3.5835E-02  1.0047E-02
LAMBDA( 2)=  6.88736E+04    K1=  2.00000E-03 K3=  1.20000E-02
	PHI1                       PHI2                       PHI3
  0.0000E+00  0.0000E+00    0.0000E+00  0.0000E+00    0.0000E+00  0.0000E+00
  1.3182E-02 -2.4439E-02   -6.5328E-06  3.0584E-04   -8.6834E-03  3.9347E-03
  2.0598E-02 -4.8810E-02   -1.6105E-04  1.1908E-03   -1.5723E-02  4.9952E-03
  6.0984E-02 -1.2306E-01   -1.0012E-03  3.1650E-03   -1.8828E-02  1.4733E-02
  3.1637E-02 -2.0717E-01   -5.6260E-03  5.0776E-03   -6.7711E-03  1.5733E-02
  4.0740E-02  1.1871E-01   -8.0834E-03 -8.6476E-03    3.1264E-02 -7.5335E-03
 -1.7744E-01  0.0000E+00   -1.2442E-04 -3.9235E-02    3.2492E-02 -1.5898E-03
LAMBDA( 3)=  5.12542E+04    K1=  2.00000E-03 K3=  1.20000E-02
	PHI1                       PHI2                       PHI3
  0.0000E+00  0.0000E+00    0.0000E+00  0.0000E+00    0.0000E+00  0.0000E+00
  7.9195E-03 -6.4005E-03    2.2487E-04  8.6420E-04   -1.9648E-02  5.8359E-03
  2.6413E-02 -2.1702E-02    9.2169E-04  3.2995E-03   -3.7743E-02  1.3632E-02
  3.7589E-02 -7.9436E-02    2.3356E-03  1.2149E-02   -6.6858E-02  1.8232E-02
  1.7624E-02 -1.7697E-01    4.6716E-03  3.6859E-02   -7.3633E-02  3.6915E-02
  2.4187E-02  2.5102E-02    1.9805E-02  7.1703E-02   -2.6139E-02  2.8704E-02
  2.1577E-01  0.0000E+00    5.8433E-02  2.7360E-02    4.5543E-02  1.8854E-02
LAMBDA( 1)=  1.49578E+05    K1=  2.00000E-03 K3=  1.50000E-02
	PHI1                       PHI2                       PHI3
  0.0000E+00  0.0000E+00    0.0000E+00  0.0000E+00    0.0000E+00  0.0000E+00
  1.9058E-02  1.8860E-03    1.3676E-04  3.9609E-04   -9.2615E-03  2.0690E-03
  3.8364E-02  1.8160E-03    4.4490E-04  1.4998E-03   -1.7128E-02  2.6675E-03
  4.7847E-02 -3.4065E-02    9.6321E-04  5.4694E-03   -2.8075E-02  6.0335E-03
  6.0412E-02 -1.1376E-01    1.8925E-03  1.6180E-02   -3.1889E-02  1.7627E-02
 -1.4103E-02 -2.1780E-01    3.0702E-05  3.0904E-02   -5.6573E-03  2.2615E-02
 -9.7306E-02  0.0000E+00   -1.3237E-02  1.3913E-02    3.8719E-02 -7.7920E-03
LAMBDA( 2)=  4.32110E+04    K1=  2.00000E-03 K3=  1.50000E-02
	PHI1                       PHI2                       PHI3
  0.0000E+00  0.0000E+00    0.0000E+00  0.0000E+00    0.0000E+00  0.0000E+00
  6.3557E-03 -3.1444E-02   -2.5732E-05  5.6651E-04   -1.0459E-02  3.7559E-03
 -1.9782E-03 -6.6000E-02   -2.9651E-04  2.2962E-03   -1.9483E-02  4.6407E-03
  6.6997E-02 -1.2369E-01   -7.8539E-04  6.3913E-03   -2.3959E-02  1.6501E-02
  4.1465E-02 -2.2255E-01   -3.7360E-03  1.2768E-02   -1.7607E-02  1.7124E-02
  3.5008E-02  1.2227E-01   -3.3198E-03  3.5342E-03    2.7085E-02 -2.8650E-03
 -1.5646E-01  0.0000E+00    7.7089E-03 -3.9747E-02    3.5490E-02 -1.6188E-03
LAMBDA( 3)=  3.14829E+04    K1=  2.00000E-03 K3=  1.50000E-02
	PHI1                       PHI2                       PHI3
  0.0000E+00  0.0000E+00    0.0000E+00  0.0000E+00    0.0000E+00  0.0000E+00
  2.8457E-03 -1.0743E-03    3.9685E-04  1.0751E-03   -1.8620E-02  6.8765E-03
  2.3824E-02 -1.5024E-02    1.5958E-03  4.1109E-03   -3.6463E-02  1.5619E-02
  3.2056E-02 -6.2913E-02    4.3469E-03  1.5685E-02   -6.9263E-02  1.8133E-02
  1.7466E-02 -1.4066E-01    9.5354E-03  4.7520E-02   -7.2662E-02  3.1065E-02
  2.3547E-02  7.6274E-03    3.3146E-02  8.5408E-02   -1.3533E-02  3.6980E-02
  2.2248E-01  0.0000E+00    7.9520E-02  1.8580E-02    5.2342E-02  1.1697E-02
LAMBDA( 1)=  1.56886E+05    K1=  2.50000E-03 K3=  0.00000E+00
	PHI1                       PHI2                       PHI3
  0.0000E+00  0.0000E+00    0.0000E+00  0.0000E+00    0.0000E+00  0.0000E+00
  0.0000E+00  0.0000E+00    0.0000E+00  0.0000E+00    7.8871E-03  8.5406E-04
  0.0000E+00  0.0000E+00    0.0000E+00  0.0000E+00    1.8514E-02  5.2324E-03
  0.0000E+00  0.0000E+00    0.0000E+00  0.0000E+00    3.0130E-02  2.1522E-03
  0.0000E+00  0.0000E+00    0.0000E+00  0.0000E+00    9.0909E-02 -2.1499E-02
  0.0000E+00  0.0000E+00    0.0000E+00  0.0000E+00    6.8782E-02 -1.4106E-01
  0.0000E+00  0.0000E+00    0.0000E+00  0.0000E+00   -1.3214E-01 -1.9876E-01
LAMBDA( 2)=  1.35245E+05    K1=  2.50000E-03 K3=  0.00000E+00
	PHI1                       PHI2                       PHI3
  0.0000E+00  0.0000E+00    0.0000E+00  0.0000E+00    0.0000E+00  0.0000E+00
 -2.0021E-02 -2.0509E-02   -2.0147E-04  1.9667E-04    0.0000E+00  0.0000E+00
 -3.6508E-02 -1.4734E-02   -5.4754E-04  7.5175E-04    0.0000E+00  0.0000E+00
  1.2863E-01 -4.9590E-02   -1.8101E-03 -1.0564E-03    0.0000E+00  0.0000E+00
  7.7012E-02 -8.9474E-02   -7.2628E-03 -9.1194E-03    0.0000E+00  0.0000E+00
  1.2296E-01  1.3533E-01   -3.6760E-03 -2.4761E-02    0.0000E+00  0.0000E+00
 -1.7613E-01  0.0000E+00    1.7372E-02 -1.6492E-02    0.0000E+00  0.0000E+00
LAMBDA( 3)=  6.26025E+04    K1=  2.50000E-03 K3=  0.00000E+00
	PHI1                       PHI2                       PHI3
  0.0000E+00  0.0000E+00    0.0000E+00  0.0000E+00    0.0000E+00  0.0000E+00
  2.7279E-02  4.5883E-02    4.5072E-04 -2.6797E-04    0.0000E+00  0.0000E+00
  5.9024E-02  1.2917E-01    2.1697E-03 -1.1154E-03    0.0000E+00  0.0000E+00
 -5.5605E-02  1.0221E-01    6.7113E-03 -1.1825E-03    0.0000E+00  0.0000E+00
  9.4020E-02  1.9549E-01    1.8384E-02 -2.6888E-03    0.0000E+00  0.0000E+00
  1.0913E-02 -1.0944E-01    2.5115E-02 -1.0897E-02    0.0000E+00  0.0000E+00
 -1.9033E-01  0.0000E+00    8.0931E-03  1.7008E-02    0.0000E+00  0.0000E+00
LAMBDA( 1)=  4.18914E+05    K1=  2.50000E-03 K3=  3.00000E-03
	PHI1                       PHI2                       PHI3
  0.0000E+00  0.0000E+00    0.0000E+00  0.0000E+00    0.0000E+00  0.0000E+00
 -4.1552E-03 -3.3321E-04   -1.3186E-04  2.7577E-05    1.1232E-03 -1.0908E-02
 -7.5826E-03  2.2613E-03   -4.7381E-04  7.3560E-05    4.7559E-03 -1.9719E-02
  3.2781E-03  2.6859E-02   -1.2722E-03 -1.6715E-04    9.0510E-03 -3.8446E-02
  5.0203E-02  7.8268E-02   -2.0753E-03 -2.7324E-03    9.0115E-04 -6.6228E-02
  1.6112E-01  3.1029E-02   -6.7717E-03 -1.5090E-02   -4.5349E-02 -7.4886E-02
  1.7491E-01  0.0000E+00   -1.7631E-02 -4.6141E-02   -6.8296E-02 -9.1565E-03
LAMBDA( 2)=  1.70161E+05    K1=  2.50000E-03 K3=  3.00000E-03
	PHI1                       PHI2                       PHI3
  0.0000E+00  0.0000E+00    0.0000E+00  0.0000E+00    0.0000E+00  0.0000E+00
 -1.1201E-02  4.2021E-03    1.5089E-05  4.5285E-05    5.4923E-03 -2.2217E-03
 -2.2680E-02  1.7731E-02    1.5949E-04  1.2946E-04    1.5599E-02 -3.8015E-03
 -2.3125E-02  8.5910E-02    1.8943E-03  3.7739E-05    2.6467E-02 -8.9141E-03
  2.7832E-02  1.8727E-01    1.1938E-02 -1.5180E-03    2.6746E-03 -5.2736E-03
  9.4562E-02  4.1664E-02    3.6015E-02 -6.3731E-03   -5.2946E-02  7.1008E-02
 -1.6482E-01  0.0000E+00    7.1067E-02  7.4048E-03    3.7676E-02  8.2079E-02
LAMBDA( 3)=  5.56892E+04    K1=  2.50000E-03 K3=  3.00000E-03
	PHI1                       PHI2                       PHI3
  0.0000E+00  0.0000E+00    0.0000E+00  0.0000E+00    0.0000E+00  0.0000E+00
 -2.5972E-03  2.2868E-02    3.6898E-04 -4.2042E-06    2.5210E-03  1.2245E-02
 -2.6408E-02  6.6959E-02    1.5423E-03  1.3801E-04    9.5810E-03  1.2473E-02
  7.6315E-03  7.0423E-02    5.2614E-03 -1.9948E-04    2.0394E-02  3.0944E-02
  3.9347E-03  8.5730E-02    1.5144E-02 -3.9583E-03    4.9854E-02  4.8960E-02
  1.0414E-02 -8.1711E-02    1.5943E-02 -1.3941E-02    4.4539E-02 -4.3799E-02
 -1.0249E-01  0.0000E+00   -3.1134E-02  2.9053E-02   -1.9817E-01 -1.4034E-01
LAMBDA( 1)=  5.11424E+05    K1=  2.50000E-03 K3=  6.00000E-03
	PHI1                       PHI2                       PHI3
  0.0000E+00  0.0000E+00    0.0000E+00  0.0000E+00    0.0000E+00  0.0000E+00
  2.8812E-04  8.5730E-03   -1.7050E-04 -9.6274E-05    3.9636E-03 -1.0804E-02
  1.2892E-03  1.9329E-02   -6.0626E-04 -4.0196E-04    8.3504E-03 -1.9312E-02
  1.0278E-02  6.5954E-02   -1.4355E-03 -1.6743E-03    1.3839E-02 -3.3827E-02
  6.2577E-02  1.2710E-01   -2.0443E-03 -6.1645E-03    3.5206E-03 -5.3081E-02
  1.7477E-01  1.0129E-01   -2.3456E-03 -1.9652E-02   -3.0570E-02 -4.3684E-02
  1.0969E-01  0.0000E+00    6.4053E-03 -4.5393E-02   -1.8993E-02  2.4925E-02
LAMBDA( 2)=  1.43103E+05    K1=  2.50000E-03 K3=  6.00000E-03
	PHI1                       PHI2                       PHI3
  0.0000E+00  0.0000E+00    0.0000E+00  0.0000E+00    0.0000E+00  0.0000E+00
  8.7155E-04 -1.9617E-02   -8.7379E-05  1.5646E-04   -6.9999E-03  4.4673E-03
 -8.2711E-03 -3.9696E-02   -3.4128E-04  7.4500E-04   -1.4890E-02  9.4725E-03
 -1.9306E-02 -9.7561E-02   -1.8096E-03  3.0113E-03   -2.1729E-02  1.6548E-02
 -4.4461E-02 -1.3048E-01   -9.3608E-03  7.7189E-03   -1.7278E-03 -1.7764E-03
 -3.8752E-02 -1.8164E-02   -3.4721E-02  1.1983E-02    1.3684E-02 -7.1376E-02
  2.4605E-01  0.0000E+00   -7.8259E-02 -1.2952E-02   -3.3255E-02 -3.7696E-02
LAMBDA( 3)=  7.31568E+04    K1=  2.50000E-03 K3=  6.00000E-03
	PHI1                       PHI2                       PHI3
  0.0000E+00  0.0000E+00    0.0000E+00  0.0000E+00    0.0000E+00  0.0000E+00
  1.5327E-02 -4.3013E-02   -1.4361E-04  6.0664E-07   -6.4119E-03  1.1831E-02
  1.6590E-02 -1.0407E-01   -8.0942E-04  2.6554E-05   -7.9878E-03  2.1200E-02
 -1.0136E-03 -1.1438E-01   -2.4912E-03  2.0176E-04   -2.2218E-03  3.4116E-02
 -1.6521E-01 -1.3934E-01   -6.1276E-03  5.4977E-03    1.5204E-02  3.2956E-02
  1.2754E-01  3.2713E-02   -1.7990E-02 -1.0686E-03    3.5468E-02 -5.1720E-02
 -1.1682E-01  0.0000E+00   -5.4435E-02 -3.6050E-02    5.3779E-02 -5.9546E-02
LAMBDA( 1)=  3.28314E+05    K1=  2.50000E-03 K3=  9.00000E-03
	PHI1                       PHI2                       PHI3
  0.0000E+00  0.0000E+00    0.0000E+00  0.0000E+00    0.0000E+00  0.0000E+00
 -7.4682E-03  8.5630E-03   -1.3760E-04 -2.3506E-04    8.7215E-03 -6.2698E-03
 -1.3106E-02  2.1814E-02   -4.3244E-04 -9.2550E-04    1.6525E-02 -1.0509E-02
 -3.3457E-02  4.7444E-02   -1.1243E-03 -3.1155E-03    2.7403E-02 -1.8521E-02
 -1.6358E-02  1.3540E-01   -1.6689E-03 -8.7694E-03    2.6489E-02 -3.6127E-02
  9.5147E-02  1.9508E-01    4.0927E-03 -2.1333E-02   -3.7588E-03 -3.5213E-02
  8.1307E-02  0.0000E+00    3.0162E-02 -3.0172E-02   -2.9471E-02  2.7583E-02
LAMBDA( 2)=  7.92199E+04    K1=  2.50000E-03 K3=  9.00000E-03
	PHI1                       PHI2                       PHI3
  0.0000E+00  0.0000E+00    0.0000E+00  0.0000E+00    0.0000E+00  0.0000E+00
 -2.7245E-02  6.6291E-03    8.4056E-05 -1.5071E-05    7.9943E-03  5.3551E-04
 -6.0467E-02  1.7827E-02    4.5294E-04  1.0193E-04    1.3060E-02  3.1061E-03
 -8.9120E-02  7.9351E-02    2.5588E-03  8.8113E-04    1.7464E-02 -2.9704E-04
 -9.1328E-02  1.3659E-01    8.8592E-03  4.8388E-03    4.6224E-03 -1.5051E-02
 -2.3880E-02 -1.0690E-01    3.8714E-03  2.6928E-02   -5.1064E-02 -1.0908E-02
  2.1462E-01  0.0000E+00   -2.4623E-02  4.8267E-02   -4.0032E-02 -1.0288E-02
LAMBDA( 3)=  6.41201E+04    K1=  2.50000E-03 K3=  9.00000E-03
	PHI1                       PHI2                       PHI3
  0.0000E+00  0.0000E+00    0.0000E+00  0.0000E+00    0.0000E+00  0.0000E+00
 -2.1709E-02  8.8842E-03    8.2456E-05 -5.2265E-04    2.0810E-02 -1.3612E-04
 -4.6596E-02  2.5051E-02    2.6617E-04 -2.0450E-03    4.1228E-02 -4.0935E-03
 -8.4852E-02  9.0416E-02    1.4206E-03 -7.1585E-03    6.7653E-02 -1.1643E-02
 -1.0598E-01  1.9713E-01    8.2489E-03 -1.6394E-02    5.0780E-02 -1.9856E-02
  2.2106E-02 -4.5482E-02    1.6213E-02 -2.0961E-02   -1.1264E-02  6.0121E-03
 -2.0907E-01  0.0000E+00    2.4678E-03  3.6538E-02   -3.9495E-02 -1.7927E-02
LAMBDA( 1)=  1.86763E+05    K1=  2.50000E-03 K3=  1.20000E-02
	PHI1                       PHI2                       PHI3
  0.0000E+00  0.0000E+00    0.0000E+00  0.0000E+00    0.0000E+00  0.0000E+00
  1.3296E-02 -2.4740E-03    1.0754E-04  3.3012E-04   -9.7712E-03  2.7963E-03
  2.5994E-02 -9.9212E-03    2.9917E-04  1.2563E-03   -1.8065E-02  3.8516E-03
  4.3396E-02 -3.4575E-02    5.0506E-04  4.3932E-03   -2.9688E-02  7.6038E-03
  5.2955E-02 -1.1834E-01    8.5462E-05  1.2426E-02   -3.3064E-02  2.2023E-02
 -2.8720E-02 -2.1665E-01   -7.8555E-03  2.5010E-02   -5.5006E-03  2.6616E-02
 -8.6362E-02  0.0000E+00   -3.8142E-02  1.7131E-02    4.0030E-02 -2.2050E-02
LAMBDA( 2)=  5.09777E+04    K1=  2.50000E-03 K3=  1.20000E-02
	PHI1                       PHI2                       PHI3
  0.0000E+00  0.0000E+00    0.0000E+00  0.0000E+00    0.0000E+00  0.0000E+00
 -1.7951E-02  2.4728E-02    5.2470E-05 -3.5628E-04    1.1296E-02 -4.0388E-03
 -3.1046E-02  5.1718E-02    3.4144E-04 -1.3538E-03    2.0076E-02 -5.7565E-03
 -7.3418E-02  1.2111E-01    1.6320E-03 -3.5336E-03    2.4824E-02 -1.6551E-02
 -5.4090E-02  2.0923E-01    8.1208E-03 -5.0234E-03    9.6556E-03 -1.7792E-02
 -2.5097E-02 -1.1665E-01    1.3133E-02  1.2763E-02   -4.0530E-02  1.1855E-02
  1.6684E-01  0.0000E+00    3.7441E-03  5.0373E-02   -3.9378E-02 -1.2960E-04
LAMBDA( 3)=  3.64706E+04    K1=  2.50000E-03 K3=  1.20000E-02
	PHI1                       PHI2                       PHI3
  0.0000E+00  0.0000E+00    0.0000E+00  0.0000E+00    0.0000E+00  0.0000E+00
  9.3728E-03 -3.2628E-03    2.8113E-04  8.1662E-04   -1.9272E-02  6.6421E-03
  3.2912E-02 -1.6385E-02    1.2226E-03  3.1899E-03   -3.9890E-02  1.7425E-02
  3.9754E-02 -7.0298E-02    3.5770E-03  1.2200E-02   -7.0885E-02  2.5625E-02
  3.0482E-02 -1.6477E-01    9.5349E-03  3.4614E-02   -6.2838E-02  5.5003E-02
  1.8207E-02  1.1963E-02    2.9500E-02  5.5825E-02   -3.7991E-03  3.0007E-02
  2.2913E-01  0.0000E+00    5.5242E-02 -2.6259E-02    6.2222E-02  1.9816E-03
LAMBDA( 1)=  1.08018E+05    K1=  2.50000E-03 K3=  1.50000E-02
	PHI1                       PHI2                       PHI3
  0.0000E+00  0.0000E+00    0.0000E+00  0.0000E+00    0.0000E+00  0.0000E+00
  1.6271E-02  2.7821E-03    1.2189E-04  3.9588E-04   -9.4287E-03  1.6044E-03
  3.3122E-02  4.0492E-03    3.7359E-04  1.4810E-03   -1.7222E-02  1.5292E-03
  4.2234E-02 -2.9240E-02    5.3345E-04  5.3095E-03   -2.7847E-02  4.0268E-03
  5.6531E-02 -1.0593E-01    9.6679E-05  1.5371E-02   -3.1381E-02  1.6645E-02
 -1.0542E-02 -2.1959E-01   -7.3922E-03  2.9251E-02   -5.8599E-03  2.1652E-02
 -9.2805E-02  0.0000E+00   -3.9823E-02  1.0087E-02    4.3621E-02 -1.9806E-02
LAMBDA( 2)=  3.19886E+04    K1=  2.50000E-03 K3=  1.50000E-02
	PHI1                       PHI2                       PHI3
  0.0000E+00  0.0000E+00    0.0000E+00  0.0000E+00    0.0000E+00  0.0000E+00
  1.3756E-02 -3.0606E-02   -1.2554E-04  6.3497E-04   -1.3066E-02  2.9711E-03
  1.5465E-02 -6.6593E-02   -6.9294E-04  2.5291E-03   -2.3953E-02  3.5983E-03
  8.2846E-02 -1.1540E-01   -2.0550E-03  6.9383E-03   -2.9872E-02  1.5168E-02
  7.3579E-02 -2.1823E-01   -7.4713E-03  1.3395E-02   -2.3645E-02  1.7413E-02
  1.4180E-02  1.1936E-01   -1.0023E-02  1.9943E-03    3.3310E-02 -6.3727E-03
 -1.5190E-01  0.0000E+00    4.5334E-03 -4.8074E-02    4.3296E-02  2.0788E-03
LAMBDA( 3)=  2.25879E+04    K1=  2.50000E-03 K3=  1.50000E-02
	PHI1                       PHI2                       PHI3
  0.0000E+00  0.0000E+00    0.0000E+00  0.0000E+00    0.0000E+00  0.0000E+00
  7.1339E-03  2.1765E-03    4.9091E-04  9.9782E-04   -1.8119E-02  7.9664E-03
  3.5783E-02 -7.6195E-03    2.0763E-03  3.9534E-03   -3.9199E-02  1.9850E-02
  3.8915E-02 -5.4418E-02    6.2822E-03  1.5692E-02   -7.2927E-02  2.6203E-02
  3.8425E-02 -1.2786E-01    1.7655E-02  4.5962E-02   -6.8631E-02  5.2517E-02
  1.6441E-02 -4.6227E-03    4.7770E-02  6.7807E-02    1.2941E-02  3.3728E-02
  2.2778E-01  0.0000E+00    7.5250E-02 -3.8028E-02    5.9769E-02 -3.5105E-03
LAMBDA( 1)=  1.28636E+05    K1=  3.00000E-03 K3=  0.00000E+00
	PHI1                       PHI2                       PHI3
  0.0000E+00  0.0000E+00    0.0000E+00  0.0000E+00    0.0000E+00  0.0000E+00
  0.0000E+00  0.0000E+00    0.0000E+00  0.0000E+00    4.7000E-03 -4.9659E-03
  0.0000E+00  0.0000E+00    0.0000E+00  0.0000E+00    1.4674E-02 -9.6748E-03
  0.0000E+00  0.0000E+00    0.0000E+00  0.0000E+00    1.5348E-02 -1.7265E-02
  0.0000E+00  0.0000E+00    0.0000E+00  0.0000E+00    3.0359E-02 -8.0320E-02
  0.0000E+00  0.0000E+00    0.0000E+00  0.0000E+00   -8.7858E-02 -1.1882E-01
  0.0000E+00  0.0000E+00    0.0000E+00  0.0000E+00   -2.4525E-01  4.6868E-02
LAMBDA( 2)=  9.44714E+04    K1=  3.00000E-03 K3=  0.00000E+00
	PHI1                       PHI2                       PHI3
  0.0000E+00  0.0000E+00    0.0000E+00  0.0000E+00    0.0000E+00  0.0000E+00
 -1.8879E-02 -2.0658E-02   -2.4351E-04  2.2254E-04    0.0000E+00  0.0000E+00
 -3.4773E-02 -1.5971E-02   -6.7513E-04  8.5475E-04    0.0000E+00  0.0000E+00
  1.2812E-01 -4.8232E-02   -2.1873E-03 -1.3440E-03    0.0000E+00  0.0000E+00
  7.8370E-02 -8.8293E-02   -8.6110E-03 -1.1060E-02    0.0000E+00  0.0000E+00
  1.1944E-01  1.3793E-01   -3.9514E-03 -2.9627E-02    0.0000E+00  0.0000E+00
 -1.7502E-01  0.0000E+00    2.1792E-02 -1.9254E-02    0.0000E+00  0.0000E+00
LAMBDA( 3)=  4.42575E+04    K1=  3.00000E-03 K3=  0.00000E+00
	PHI1                       PHI2                       PHI3
  0.0000E+00  0.0000E+00    0.0000E+00  0.0000E+00    0.0000E+00  0.0000E+00
  2.5564E-02  4.4029E-02    5.1901E-04 -3.0134E-04    0.0000E+00  0.0000E+00
  5.5346E-02  1.2561E-01    2.5179E-03 -1.2547E-03    0.0000E+00  0.0000E+00
 -5.5852E-02  9.8989E-02    7.8080E-03 -1.2428E-03    0.0000E+00  0.0000E+00
  9.0228E-02  1.9303E-01    2.1548E-02 -2.8603E-03    0.0000E+00  0.0000E+00
  1.3374E-02 -1.1108E-01    2.9240E-02 -1.2585E-02    0.0000E+00  0.0000E+00
 -1.9162E-01  0.0000E+00    8.5084E-03  2.0682E-02    0.0000E+00  0.0000E+00
LAMBDA( 1)=  2.96849E+05    K1=  3.00000E-03 K3=  3.00000E-03
	PHI1                       PHI2                       PHI3
  0.0000E+00  0.0000E+00    0.0000E+00  0.0000E+00    0.0000E+00  0.0000E+00
  3.9906E-03  9.0535E-04    1.4363E-04 -2.8600E-05   -1.5644E-03  1.1279E-02
  7.5400E-03 -1.0184E-03    5.1302E-04 -7.5790E-05   -5.9614E-03  2.0182E-02
 -2.4052E-03 -2.3238E-02    1.3488E-03  2.0647E-04   -1.1157E-02  3.9559E-02
 -4.6553E-02 -7.1638E-02    1.9632E-03  3.2222E-03   -3.9796E-03  6.8374E-02
 -1.5747E-01 -2.8537E-02    6.2790E-03  1.8553E-02    4.4671E-02  7.7779E-02
 -1.7548E-01  0.0000E+00    1.6657E-02  5.8846E-02    7.2389E-02  6.3651E-03
LAMBDA( 2)=  1.34859E+05    K1=  3.00000E-03 K3=  3.00000E-03
	PHI1                       PHI2                       PHI3
  0.0000E+00  0.0000E+00    0.0000E+00  0.0000E+00    0.0000E+00  0.0000E+00
  9.5501E-03 -4.2338E-03   -2.0248E-05 -4.0183E-05   -6.1412E-03  2.5161E-03
  1.7382E-02 -1.6618E-02   -1.8499E-04 -8.2713E-05   -1.7182E-02  4.3552E-03
  1.7653E-02 -8.2052E-02   -2.1627E-03  1.7716E-04   -2.8887E-02  1.0350E-02
 -3.3783E-02 -1.8139E-01   -1.3635E-02  2.3750E-03   -1.6952E-03  9.2718E-03
 -8.8514E-02 -4.9428E-02   -4.2237E-02  8.2383E-03    6.1527E-02 -8.3176E-02
  1.3784E-01  0.0000E+00   -8.4824E-02 -3.6779E-03   -4.7006E-02 -9.5576E-02
LAMBDA( 3)=  4.81652E+04    K1=  3.00000E-03 K3=  3.00000E-03
	PHI1                       PHI2                       PHI3
  0.0000E+00  0.0000E+00    0.0000E+00  0.0000E+00    0.0000E+00  0.0000E+00
 -1.0794E-03  1.6645E-02    2.7973E-04 -3.8503E-06    1.4060E-03  7.0853E-03
 -1.5477E-02  5.2214E-02    1.2324E-03  1.0376E-04    6.0180E-03  4.9052E-03
  2.0584E-02  6.8720E-02    4.6138E-03 -5.8613E-04    1.8165E-02  1.7725E-02
  3.5250E-02  7.3583E-02    1.4418E-02 -5.8922E-03    3.8772E-02  4.8334E-02
  2.1847E-02 -6.2116E-02    1.8575E-02 -1.9825E-02    5.2568E-02 -1.5514E-02
 -1.1495E-01  0.0000E+00   -1.5436E-02  3.0547E-02   -2.2937E-01 -1.0460E-01
LAMBDA( 1)=  3.59934E+05    K1=  3.00000E-03 K3=  6.00000E-03
	PHI1                       PHI2                       PHI3
  0.0000E+00  0.0000E+00    0.0000E+00  0.0000E+00    0.0000E+00  0.0000E+00
 -6.2923E-04 -8.2658E-03    1.7352E-04  1.1138E-04   -4.4099E-03  1.1493E-02
 -1.9852E-03 -1.8527E-02    6.1182E-04  4.6725E-04   -9.3834E-03  2.0501E-02
 -1.1849E-02 -6.3883E-02    1.3270E-03  1.9633E-03   -1.5459E-02  3.5886E-02
 -6.4431E-02 -1.2337E-01    1.1453E-03  7.3908E-03   -4.0769E-03  5.5809E-02
 -1.7366E-01 -9.7663E-02   -9.1891E-04  2.4344E-02    3.2812E-02  4.3711E-02
 -1.0756E-01  0.0000E+00   -1.5017E-02  5.8780E-02    1.5543E-02 -3.2650E-02
LAMBDA( 2)=  1.08102E+05    K1=  3.00000E-03 K3=  6.00000E-03
	PHI1                       PHI2                       PHI3
  0.0000E+00  0.0000E+00    0.0000E+00  0.0000E+00    0.0000E+00  0.0000E+00
 -1.0064E-03 -2.2520E-02   -1.4535E-04  1.6289E-04   -6.4061E-03  5.0943E-03
 -1.2452E-02 -4.6638E-02   -5.9193E-04  8.0059E-04   -1.3924E-02  1.0535E-02
 -2.8492E-02 -1.0234E-01   -2.7419E-03  3.3407E-03   -1.9526E-02  1.8314E-02
 -5.6201E-02 -1.2749E-01   -1.2191E-02  8.7103E-03    4.8114E-03 -3.8078E-03
 -2.7291E-02 -1.3329E-02   -4.3856E-02  1.1804E-02    2.0458E-02 -9.4459E-02
  2.1946E-01  0.0000E+00   -1.0033E-01 -1.7522E-02   -3.7980E-02 -5.0181E-02
LAMBDA( 3)=  5.44440E+04    K1=  3.00000E-03 K3=  6.00000E-03
	PHI1                       PHI2                       PHI3
  0.0000E+00  0.0000E+00    0.0000E+00  0.0000E+00    0.0000E+00  0.0000E+00
  7.3830E-03 -3.9045E-02   -1.9093E-04 -3.1778E-05   -2.3436E-03  1.1424E-02
  1.1630E-03 -9.3588E-02   -1.0182E-03 -1.1385E-04    1.5533E-03  1.9790E-02
 -2.2997E-02 -9.5698E-02   -3.1492E-03 -2.8733E-04    1.3046E-02  2.9614E-02
 -1.5689E-01 -8.9847E-02   -6.7700E-03  4.5966E-03    2.5000E-02  2.4682E-02
  1.2568E-01  2.6881E-02   -1.9768E-02 -2.8745E-03    3.0403E-02 -6.2434E-02
 -1.5641E-01  0.0000E+00   -6.4070E-02 -2.7094E-02    4.9844E-02 -6.9692E-02
LAMBDA( 1)=  2.30993E+05    K1=  3.00000E-03 K3=  9.00000E-03
	PHI1                       PHI2                       PHI3
  0.0000E+00  0.0000E+00    0.0000E+00  0.0000E+00    0.0000E+00  0.0000E+00
 -6.6357E-03  8.6129E-03   -1.3353E-04 -2.5280E-04    9.3606E-03 -6.6468E-03
 -1.1333E-02  2.1733E-02   -4.0023E-04 -1.0012E-03    1.7801E-02 -1.1013E-02
 -3.0081E-02  4.7490E-02   -9.2118E-04 -3.3692E-03    2.9516E-02 -1.9434E-02
 -1.1985E-02  1.3394E-01   -4.7210E-04 -9.5135E-03    2.8035E-02 -3.7862E-02
  9.5902E-02  1.9100E-01    9.2910E-03 -2.4002E-02   -4.5566E-03 -3.5782E-02
  7.9089E-02  0.0000E+00    4.6015E-02 -3.7094E-02   -3.0390E-02  3.7705E-02
LAMBDA( 2)=  5.71329E+04    K1=  3.00000E-03 K3=  9.00000E-03
	PHI1                       PHI2                       PHI3
  0.0000E+00  0.0000E+00    0.0000E+00  0.0000E+00    0.0000E+00  0.0000E+00
  3.5457E-02 -1.5130E-03   -1.7199E-04  1.5316E-05   -1.2252E-02 -4.3592E-03
  7.9241E-02 -7.3487E-03   -7.6427E-04 -1.4797E-04   -2.1362E-02 -9.4415E-03
  1.3040E-01 -6.2987E-02   -3.7026E-03 -1.2682E-03   -3.2666E-02 -8.6968E-03
  1.5178E-01 -1.1753E-01   -1.0866E-02 -8.1091E-03   -1.2932E-02  1.8121E-02
 -1.1870E-02  9.6880E-02    6.9002E-04 -3.8486E-02    7.4168E-02  2.9801E-02
 -1.6239E-01  0.0000E+00    5.0264E-02 -7.1873E-02    4.3545E-02  2.6446E-02
LAMBDA( 3)=  4.60222E+04    K1=  3.00000E-03 K3=  9.00000E-03
	PHI1                       PHI2                       PHI3
  0.0000E+00  0.0000E+00    0.0000E+00  0.0000E+00    0.0000E+00  0.0000E+00
  1.6556E-02 -4.0885E-03   -1.4830E-04  4.0546E-04   -1.6984E-02 -2.8308E-03
  3.7095E-02 -1.3059E-02   -4.5692E-04  1.6493E-03   -3.6086E-02 -1.8357E-04
  7.9508E-02 -4.6194E-02   -1.5304E-03  5.8660E-03   -6.2458E-02  4.7422E-03
  1.2170E-01 -1.0775E-01   -6.1019E-03  1.0395E-02   -3.6698E-02  1.4186E-02
 -5.5410E-02  9.2223E-03   -1.2691E-02  7.5469E-03    2.4717E-02 -4.7439E-03
  2.5222E-01  0.0000E+00   -3.9690E-03 -5.9955E-02    3.0238E-02  1.7248E-02
LAMBDA( 1)=  1.31845E+05    K1=  3.00000E-03 K3=  1.20000E-02
	PHI1                       PHI2                       PHI3
  0.0000E+00  0.0000E+00    0.0000E+00  0.0000E+00    0.0000E+00  0.0000E+00
  1.2063E-02 -2.9543E-03    1.0232E-04  3.4539E-04   -1.0341E-02  2.9085E-03
  2.3480E-02 -1.0805E-02    2.5917E-04  1.3131E-03   -1.9076E-02  3.8591E-03
  3.9583E-02 -3.5449E-02    2.4302E-04  4.5926E-03   -3.1498E-02  7.5330E-03
  4.8338E-02 -1.1838E-01   -1.2929E-03  1.2918E-02   -3.4716E-02  2.2764E-02
 -2.9433E-02 -2.1263E-01   -1.3746E-02  2.6515E-02   -6.2264E-03  2.6821E-02
 -8.4200E-02  0.0000E+00   -5.7408E-02  1.8916E-02    4.4814E-02 -3.2148E-02
LAMBDA( 2)=  3.62478E+04    K1=  3.00000E-03 K3=  1.20000E-02
	PHI1                       PHI2                       PHI3
  0.0000E+00  0.0000E+00    0.0000E+00  0.0000E+00    0.0000E+00  0.0000E+00
  2.0182E-02 -2.9063E-02   -5.1102E-05  4.1559E-04   -1.3859E-02  6.1820E-03
  3.7296E-02 -6.1458E-02   -3.2212E-04  1.5755E-03   -2.5120E-02  1.0698E-02
  7.5403E-02 -1.3061E-01   -1.5728E-03  4.3198E-03   -3.2183E-02  2.4045E-02
  6.0659E-02 -2.1271E-01   -8.6599E-03  5.6711E-03   -9.0121E-03  2.4130E-02
  1.2684E-02  1.1290E-01   -1.7915E-02 -1.9251E-02    5.7054E-02 -2.3827E-02
 -1.3926E-01  0.0000E+00   -1.0326E-02 -7.1976E-02    4.5216E-02  5.7668E-03
LAMBDA( 3)=  2.58526E+04    K1=  3.00000E-03 K3=  1.20000E-02
	PHI1                       PHI2                       PHI3
  0.0000E+00  0.0000E+00    0.0000E+00  0.0000E+00    0.0000E+00  0.0000E+00
  1.0663E-02 -4.9386E-03    3.5444E-04  6.9635E-04   -1.7434E-02  8.7517E-03
  3.6537E-02 -1.9427E-02    1.5818E-03  2.7837E-03   -3.8652E-02  2.3381E-02
  2.9441E-02 -6.7194E-02    4.8804E-03  1.1450E-02   -6.9830E-02  3.3287E-02
  1.7457E-02 -1.3377E-01    1.4679E-02  3.1124E-02   -4.6429E-02  6.9016E-02
  1.2219E-02 -7.1012E-03    3.6019E-02  3.9986E-02    1.5408E-02  2.3038E-02
  2.4590E-01  0.0000E+00    4.3156E-02 -6.4373E-02    5.9851E-02 -1.1703E-02
LAMBDA( 1)=  7.65789E+04    K1=  3.00000E-03 K3=  1.50000E-02
	PHI1                       PHI2                       PHI3
  0.0000E+00  0.0000E+00    0.0000E+00  0.0000E+00    0.0000E+00  0.0000E+00
 -1.4594E-02 -1.9150E-03   -1.2001E-04 -4.0815E-04    9.8437E-03 -1.6532E-03
 -2.9837E-02 -2.2329E-03   -3.5331E-04 -1.5157E-03    1.7842E-02 -1.4769E-03
 -3.7959E-02  3.0421E-02   -2.8120E-04 -5.4506E-03    2.9130E-02 -3.5484E-03
 -5.1638E-02  1.0685E-01    1.2064E-03 -1.5739E-02    3.2520E-02 -1.7582E-02
  1.1251E-02  2.1510E-01    1.3036E-02 -3.0821E-02    7.6929E-03 -2.1603E-02
  9.0549E-02  0.0000E+00    6.1032E-02 -1.0270E-02   -5.0075E-02  3.0016E-02
LAMBDA( 2)=  2.26047E+04    K1=  3.00000E-03 K3=  1.50000E-02
	PHI1                       PHI2                       PHI3
  0.0000E+00  0.0000E+00    0.0000E+00  0.0000E+00    0.0000E+00  0.0000E+00
  1.6718E-02 -3.4005E-02   -1.2710E-04  7.0666E-04   -1.5333E-02  4.6444E-03
  2.4592E-02 -7.3908E-02   -6.6887E-04  2.8143E-03   -2.8702E-02  7.7425E-03
  8.6164E-02 -1.2000E-01   -1.9156E-03  7.8069E-03   -3.5844E-02  2.0453E-02
  8.5991E-02 -2.1673E-01   -7.2807E-03  1.4764E-02   -2.8159E-02  2.4087E-02
 -1.4773E-03  1.1627E-01   -1.4383E-02 -1.6309E-03    4.6189E-02 -1.9129E-02
 -1.3010E-01  0.0000E+00    5.5360E-04 -6.6095E-02    4.9207E-02  1.1880E-02
LAMBDA( 3)=  1.60830E+04    K1=  3.00000E-03 K3=  1.50000E-02
	PHI1                       PHI2                       PHI3
  0.0000E+00  0.0000E+00    0.0000E+00  0.0000E+00    0.0000E+00  0.0000E+00
 -1.1431E-02  4.4117E-04   -6.5121E-04 -8.5719E-04    1.6830E-02 -1.1137E-02
 -4.5070E-02  1.0135E-02   -2.8376E-03 -3.5199E-03    3.9665E-02 -2.8088E-02
 -3.1611E-02  5.6211E-02   -8.9074E-03 -1.4924E-02    7.2503E-02 -3.6722E-02
 -2.9198E-02  1.0040E-01   -2.7104E-02 -4.3062E-02    5.9264E-02 -7.1950E-02
 -1.0828E-02  2.4245E-02   -5.6617E-02 -4.8254E-02   -4.0197E-02 -1.5862E-02
 -2.3565E-01  0.0000E+00   -6.0223E-02  7.6172E-02   -4.3843E-02  7.1486E-03
